Time taken => 1.000000 sec 


7	10	12	18	19	40	53	53	69	71	77	77	89	91	92	93	97	102	104	110	
111	123	127	130	137	139	165	169	170	171	180	183	186	187	187	188	190	193	194	209	
215	225	225	229	235	235	239	240	241	243	260	261	269	273	278	288	290	296	300	308	
311	315	325	327	336	336	376	381	393	394	396	399	399	399	401	423	440	444	445	449	
453	454	460	470	472	499	501	506	519	534	550	550	551	554	555	563	563	572	584	592	
593	596	597	597	599	599	602	609	617	642	661	667	669	681	681	686	688	699	717	728	
731	735	740	744	745	749	752	752	758	766	767	782	786	792	797	803	813	813	817	822	
830	837	844	862	882	883	884	886	888	889	892	894	895	918	925	931	935	938	938	940	
943	949	950	952	956	959	968	968	985	992	994	1006	1007	1020	1037	1041	1051	1058	1063	1063	
1073	1075	1083	1086	1091	1096	1100	1112	1115	1119	1120	1136	1143	1145	1161	1171	1184	1186	1187	1202	
1211	1228	1229	1243	1248	1259	1262	1264	1280	1282	1285	1288	1297	1303	1308	1333	1361	1363	1364	1369	
1371	1374	1377	1382	1391	1398	1403	1411	1414	1422	1427	1451	1479	1483	1487	1496	1503	1507	1513	1513	
1515	1516	1517	1519	1525	1532	1551	1551	1557	1562	1563	1563	1564	1566	1576	1577	1579	1593	1594	1597	
1610	1612	1625	1632	1634	1637	1637	1642	1653	1656	1664	1666	1668	1671	1671	1676	1681	1715	1716	1719	
1729	1747	1753	1763	1764	1765	1771	1773	1786	1789	1793	1795	1818	1828	1829	1832	1838	1851	1860	1875	
1875	1880	1887	1888	1890	1895	1900	1912	1915	1924	1942	1959	1963	1971	1975	1992	2007	2017	2019	2027	
2029	2029	2030	2031	2053	2066	2077	2080	2090	2091	2092	2097	2117	2121	2128	2136	2137	2155	2158	2168	
2172	2174	2175	2180	2191	2201	2202	2211	2214	2217	2231	2247	2251	2257	2261	2264	2265	2266	2280	2280	
2283	2291	2294	2330	2342	2343	2347	2347	2351	2364	2364	2368	2371	2379	2390	2394	2399	2400	2406	2422	
2428	2429	2430	2436	2443	2458	2464	2480	2488	2496	2505	2506	2514	2522	2527	2541	2545	2546	2549	2549	
2560	2569	2589	2593	2602	2606	2617	2618	2627	2643	2667	2677	2679	2680	2682	2683	2695	2700	2701	2701	
2712	2720	2725	2731	2745	2753	2754	2764	2769	2772	2776	2787	2790	2802	2811	2818	2819	2835	2836	2841	
2848	2863	2864	2866	2878	2888	2888	2891	2897	2901	2914	2925	2927	2947	2953	2954	2965	2968	2970	2972	
2986	3015	3020	3030	3047	3052	3085	3091	3103	3105	3114	3116	3153	3153	3166	3168	3179	3193	3193	3199	
3201	3209	3215	3218	3236	3237	3245	3247	3248	3251	3278	3289	3292	3293	3296	3314	3315	3317	3318	3321	
3324	3324	3327	3330	3361	3366	3372	3379	3380	3380	3381	3383	3388	3399	3411	3412	3413	3413	3420	3439	
3441	3466	3481	3487	3497	3500	3508	3510	3523	3531	3535	3537	3541	3557	3568	3578	3580	3589	3591	3615	
3619	3623	3641	3645	3647	3654	3665	3671	3685	3692	3696	3707	3709	3718	3721	3722	3731	3735	3759	3763	
3770	3775	3787	3803	3806	3809	3816	3820	3821	3822	3840	3840	3868	3869	3877	3886	3887	3910	3912	3923	
3925	3925	3930	3934	3939	3947	3979	3992	4008	4026	4032	4037	4039	4042	4047	4051	4056	4059	4073	4084	
4086	4090	4097	4103	4107	4111	4123	4124	4126	4128	4147	4152	4154	4155	4177	4192	4200	4204	4207	4230	
4231	4237	4242	4242	4250	4255	4261	4261	4265	4266	4270	4276	4279	4282	4286	4292	4296	4309	4309	4310	
4320	4321	4335	4344	4354	4355	4359	4371	4382	4385	4385	4392	4407	4407	4418	4430	4432	4436	4438	4440	
4451	4454	4458	4463	4465	4470	4484	4485	4486	4503	4504	4505	4519	4519	4521	4528	4528	4529	4532	4535	
4540	4544	4544	4559	4563	4568	4597	4600	4602	4614	4616	4623	4626	4631	4633	4646	4649	4650	4657	4671	
4675	4677	4680	4680	4715	4731	4732	4738	4741	4742	4756	4765	4766	4778	4782	4804	4820	4825	4825	4826	
4835	4842	4860	4867	4868	4883	4908	4922	4923	4934	4939	4945	4946	4955	4957	4959	4968	4969	4975	4980	
4993	5002	5004	5008	5011	5014	5015	5018	5020	5020	5028	5042	5059	5070	5072	5088	5098	5101	5116	5117	
5135	5137	5141	5153	5155	5163	5181	5182	5198	5203	5204	5205	5215	5216	5217	5222	5226	5242	5253	5256	
5257	5258	5272	5272	5286	5307	5314	5320	5320	5345	5346	5346	5346	5352	5358	5360	5367	5369	5390	5394	
5398	5398	5414	5422	5423	5466	5490	5506	5533	5539	5543	5558	5563	5564	5573	5584	5588	5599	5599	5603	
5604	5615	5631	5637	5640	5650	5651	5661	5662	5662	5696	5700	5701	5709	5713	5725	5726	5745	5757	5760	
5761	5762	5773	5780	5785	5799	5823	5837	5842	5845	5850	5851	5852	5853	5858	5882	5886	5892	5901	5905	
5926	5937	5945	5952	5962	5988	5988	5995	6007	6011	6016	6025	6028	6030	6040	6056	6058	6069	6084	6084	
6093	6106	6106	6108	6119	6123	6124	6127	6127	6133	6136	6142	6151	6157	6162	6176	6177	6178	6187	6205	
6218	6219	6229	6230	6231	6241	6241	6242	6248	6264	6267	6275	6275	6284	6290	6298	6302	6305	6319	6324	
6333	6333	6337	6339	6345	6349	6360	6368	6368	6370	6370	6377	6383	6388	6391	6406	6411	6411	6423	6424	
6427	6430	6435	6442	6458	6463	6477	6478	6479	6485	6513	6525	6528	6535	6538	6553	6578	6579	6583	6584	
6591	6593	6594	6614	6625	6627	6640	6651	6652	6652	6654	6660	6675	6678	6679	6680	6683	6685	6693	6697	
6697	6702	6725	6728	6731	6733	6735	6742	6743	6744	6746	6747	6747	6751	6757	6760	6763	6771	6777	6782	
6783	6802	6815	6816	6832	6832	6841	6841	6841	6852	6859	6867	6875	6880	6884	6885	6889	6893	6894	6901	
6903	6923	6934	6940	6946	6957	6970	6975	6975	6976	6977	6992	7002	7003	7018	7023	7028	7032	7039	7044	
7050	7073	7074	7076	7089	7098	7126	7132	7143	7145	7150	7168	7169	7172	7175	7180	7192	7194	7196	7200	
7206	7222	7238	7252	7253	7258	7272	7273	7277	7280	7284	7287	7298	7314	7314	7317	7325	7326	7330	7335	
7351	7352	7354	7365	7370	7376	7381	7386	7389	7391	7391	7392	7394	7396	7397	7414	7425	7458	7465	7466	
7468	7469	7484	7506	7513	7515	7519	7520	7522	7524	7546	7547	7548	7548	7557	7563	7569	7580	7583	7587	
7588	7590	7594	7598	7601	7602	7621	7623	7628	7630	7636	7639	7645	7646	7656	7660	7681	7685	7685	7686	
7692	7696	7696	7706	7708	7715	7724	7734	7739	7745	7748	7762	7768	7777	7783	7784	7798	7804	7818	7872	
7873	7875	7877	7886	7887	7889	7899	7907	7911	7913	7914	7914	7924	7937	7941	7947	7950	7950	7955	7961	
7982	8001	8002	8019	8020	8025	8025	8044	8048	8053	8056	8058	8065	8068	8070	8075	8075	8082	8084	8091	
8093	8095	8102	8120	8137	8144	8144	8148	8152	8154	8162	8169	8185	8190	8194	8205	8213	8219	8220	8234	
8236	8246	8262	8264	8265	8273	8276	8293	8302	8305	8306	8323	8326	8331	8333	8333	8339	8344	8347	8349	
8366	8375	8398	8406	8409	8416	8434	8443	8443	8455	8472	8481	8483	8500	8517	8524	8526	8528	8573	8580	
8583	8605	8619	8636	8637	8648	8661	8665	8669	8678	8690	8695	8696	8708	8715	8722	8730	8732	8748	8758	
8759	8761	8762	8769	8776	8779	8790	8791	8806	8807	8827	8836	8837	8841	8848	8868	8874	8889	8889	8907	
8924	8927	8946	8959	8979	8981	8999	9003	9011	9024	9028	9032	9032	9035	9042	9045	9045	9047	9061	9063	
9067	9067	9076	9079	9086	9092	9101	9102	9104	9105	9106	9107	9107	9114	9127	9139	9151	9153	9160	9171	
9181	9182	9184	9184	9189	9194	9198	9198	9201	9202	9205	9209	9209	9216	9220	9228	9229	9229	9236	9244	
9249	9259	9261	9266	9270	9272	9279	9279	9282	9289	9292	9296	9298	9309	9312	9317	9318	9325	9326	9339	
9342	9377	9380	9384	9386	9398	9402	9403	9426	9428	9429	9434	9435	9443	9449	9462	9468	9477	9484	9498	
9505	9507	9520	9520	9524	9527	9551	9559	9562	9563	9564	9575	9577	9594	9600	9614	9617	9646	9654	9655	
9665	9674	9681	9683	9700	9700	9708	9722	9729	9730	9743	9751	9752	9773	9775	9790	9804	9811	9817	9818	
9819	9820	9820	9824	9826	9827	9834	9852	9870	9880	9883	9905	9909	9919	9920	9921	9935	9941	9956	9962	
9980	9994	10004	10008	10015	10016	10017	10053	10062	10074	10077	10082	10108	10110	10123	10138	10138	10139	10140	10147	
10157	10180	10187	10204	10207	10214	10218	10218	10220	10232	10239	10249	10255	10262	10270	10293	10299	10301	10311	10312	
10314	10323	10329	10336	10342	10374	10379	10380	10383	10385	10386	10386	10388	10403	10410	10411	10415	10426	10431	10437	
10438	10442	10444	10445	10463	10484	10489	10494	10496	10501	10504	10507	10509	10521	10530	10531	10536	10543	10550	10556	
10556	10569	10571	10574	10574	10579	10588	10590	10599	10604	10606	10608	10608	10613	10625	10630	10631	10648	10653	10667	
10684	10689	10698	10698	10699	10701	10706	10713	10716	10722	10723	10733	10734	10736	10746	10765	10771	10772	10774	10778	
10784	10795	10799	10816	10819	10822	10827	10828	10828	10854	10854	10869	10882	10885	10907	10907	10911	10913	10929	10934	
10937	10939	10939	10947	10953	10956	10960	10961	10963	10966	10981	10982	10985	10997	10997	10998	11000	11011	11015	11016	
11021	11042	11051	11051	11052	11054	11063	11077	11088	11099	11099	11108	11127	11127	11138	11147	11147	11161	11172	11173	
11185	11188	11189	11194	11218	11226	11239	11249	11258	11262	11265	11267	11269	11272	11273	11278	11280	11286	11288	11292	
11292	11314	11327	11329	11330	11339	11339	11341	11344	11348	11351	11354	11360	11370	11376	11381	11389	11394	11398	11400	
11402	11435	11436	11452	11470	11472	11476	11481	11498	11500	11511	11523	11532	11544	11549	11550	11553	11554	11566	11576	
11583	11587	11589	11605	11607	11611	11618	11621	11632	11640	11644	11645	11651	11662	11663	11674	11689	11697	11700	11703	
11708	11710	11712	11722	11724	11724	11726	11732	11737	11740	11749	11750	11765	11791	11807	11809	11809	11811	11814	11831	
11844	11849	11851	11857	11858	11869	11881	11882	11885	11887	11888	11888	11890	11891	11899	11902	11905	11933	11943	11945	
11950	11956	11964	11967	11968	11971	11980	11983	11986	11992	12002	12002	12005	12005	12010	12015	12016	12017	12025	12027	
12029	12040	12058	12063	12069	12073	12076	12079	12082	12091	12092	12101	12101	12108	12109	12112	12112	12114	12116	12118	
12127	12127	12135	12141	12143	12149	12158	12168	12169	12183	12203	12211	12212	12235	12239	12242	12247	12247	12262	12275	
12283	12285	12288	12291	12294	12306	12312	12320	12335	12352	12354	12365	12367	12369	12385	12391	12405	12411	12415	12419	
12429	12436	12438	12443	12460	12466	12477	12480	12486	12493	12497	12512	12514	12517	12518	12524	12525	12528	12529	12543	
12544	12549	12553	12554	12555	12556	12574	12583	12595	12606	12611	12620	12635	12637	12640	12659	12662	12664	12665	12666	
12669	12675	12680	12688	12696	12707	12718	12720	12720	12720	12726	12728	12742	12749	12752	12753	12764	12786	12791	12794	
12799	12802	12803	12807	12808	12809	12811	12811	12816	12822	12826	12830	12852	12874	12878	12878	12883	12886	12899	12909	
12912	12914	12915	12915	12920	12934	12940	12941	12941	12956	12970	12971	12981	12987	12990	12996	13008	13020	13027	13029	
13034	13037	13042	13047	13061	13070	13079	13087	13089	13089	13089	13091	13095	13099	13102	13103	13105	13107	13110	13143	
13166	13167	13168	13168	13168	13175	13175	13183	13185	13189	13191	13192	13196	13197	13198	13212	13214	13220	13222	13235	
13238	13238	13253	13255	13262	13267	13281	13285	13289	13300	13308	13313	13313	13320	13320	13321	13326	13331	13349	13354	
13356	13360	13365	13379	13395	13396	13404	13416	13419	13424	13439	13440	13452	13456	13470	13473	13481	13483	13484	13488	
13489	13490	13490	13498	13519	13522	13529	13529	13530	13537	13567	13571	13573	13577	13579	13584	13585	13598	13605	13606	
13616	13617	13617	13619	13639	13639	13645	13655	13656	13667	13676	13683	13683	13696	13710	13715	13715	13721	13723	13732	
13756	13760	13762	13776	13782	13787	13799	13802	13806	13808	13812	13819	13820	13821	13835	13836	13839	13858	13877	13878	
13879	13889	13891	13893	13894	13894	13895	13909	13919	13935	13944	13949	13950	13953	13958	13985	13986	13990	13993	13995	
13996	13997	13999	14002	14012	14012	14013	14014	14019	14024	14024	14053	14055	14057	14058	14061	14062	14073	14075	14084	
14089	14097	14102	14104	14107	14108	14115	14123	14127	14129	14133	14142	14143	14145	14148	14156	14157	14163	14173	14176	
14182	14198	14210	14228	14243	14243	14268	14272	14272	14285	14287	14288	14303	14319	14323	14325	14333	14345	14348	14356	
14363	14370	14371	14378	14378	14379	14386	14387	14391	14397	14408	14411	14412	14413	14416	14419	14436	14440	14440	14441	
14446	14453	14463	14466	14474	14487	14506	14513	14523	14532	14533	14559	14559	14569	14570	14587	14588	14590	14590	14610	
14611	14630	14631	14634	14645	14653	14656	14687	14701	14714	14714	14716	14716	14717	14740	14749	14759	14765	14768	14790	
14808	14816	14820	14822	14825	14829	14830	14834	14835	14837	14859	14860	14864	14865	14868	14868	14904	14905	14921	14921	
14933	14935	14936	14937	14952	14955	14955	14956	14958	14963	14977	14980	14989	14994	14996	15011	15016	15022	15025	15026	
15046	15056	15091	15103	15105	15110	15121	15121	15141	15145	15155	15157	15160	15164	15166	15169	15171	15171	15176	15180	
15184	15197	15197	15200	15200	15210	15219	15219	15223	15223	15223	15227	15265	15282	15290	15309	15313	15318	15329	15339	
15354	15363	15371	15374	15380	15382	15390	15397	15399	15402	15405	15422	15427	15430	15439	15446	15456	15456	15457	15473	
15484	15485	15487	15488	15505	15505	15511	15516	15541	15557	15572	15577	15581	15582	15596	15602	15610	15612	15621	15626	
15656	15666	15693	15700	15705	15710	15710	15722	15723	15725	15732	15737	15748	15755	15766	15782	15790	15801	15802	15811	
15830	15841	15847	15855	15867	15877	15886	15902	15913	15916	15917	15921	15928	15929	15939	15960	15975	15985	15988	15989	
15995	15995	15996	15997	16000	16005	16033	16034	16034	16045	16049	16054	16071	16083	16087	16089	16093	16100	16119	16122	
16123	16124	16128	16129	16131	16134	16146	16159	16160	16160	16179	16182	16187	16208	16215	16216	16216	16232	16244	16251	
16252	16263	16270	16272	16272	16273	16274	16277	16290	16291	16293	16293	16306	16310	16315	16329	16341	16369	16383	16386	
16390	16395	16414	16415	16428	16430	16431	16447	16454	16460	16462	16470	16478	16482	16482	16486	16491	16495	16497	16530	
16536	16537	16538	16543	16546	16547	16549	16550	16553	16554	16565	16579	16579	16583	16587	16588	16588	16591	16592	16597	
16598	16616	16629	16630	16632	16634	16635	16636	16649	16652	16655	16656	16686	16687	16688	16689	16696	16696	16698	16714	
16721	16723	16731	16733	16739	16739	16744	16745	16748	16750	16756	16762	16765	16779	16802	16803	16808	16824	16827	16827	
16833	16849	16858	16860	16868	16871	16874	16888	16891	16895	16896	16901	16901	16908	16921	16922	16926	16937	16944	16948	
16949	16963	16964	16964	16982	16986	16995	17030	17038	17040	17040	17044	17047	17065	17068	17078	17092	17095	17096	17097	
17101	17112	17113	17114	17117	17126	17127	17133	17134	17141	17152	17160	17163	17172	17178	17179	17182	17185	17206	17213	
17223	17227	17229	17229	17234	17245	17247	17260	17260	17263	17279	17294	17296	17296	17297	17305	17312	17315	17317	17326	
17339	17339	17355	17359	17374	17377	17382	17382	17388	17390	17392	17393	17406	17411	17412	17416	17423	17424	17429	17448	
17449	17450	17452	17458	17460	17480	17488	17504	17505	17505	17517	17519	17522	17547	17553	17558	17563	17579	17592	17594	
17602	17602	17604	17606	17613	17619	17621	17622	17625	17629	17638	17656	17678	17680	17684	17686	17692	17707	17709	17726	
17728	17733	17746	17746	17755	17765	17774	17777	17781	17783	17793	17800	17806	17806	17808	17810	17816	17824	17840	17843	
17858	17872	17886	17887	17892	17899	17908	17913	17916	17917	17925	17933	17946	17951	17951	17954	17962	17978	17981	17981	
17991	17994	17998	17999	18001	18014	18015	18015	18019	18025	18025	18027	18028	18030	18041	18050	18076	18090	18093	18129	
18151	18159	18166	18168	18168	18169	18172	18177	18189	18190	18201	18211	18212	18214	18223	18237	18258	18262	18270	18288	
18295	18299	18303	18303	18310	18320	18324	18326	18331	18332	18336	18340	18347	18347	18350	18353	18356	18370	18374	18379	
18384	18392	18392	18399	18404	18407	18408	18411	18411	18417	18420	18421	18421	18426	18428	18435	18445	18446	18453	18458	
18460	18463	18468	18468	18480	18497	18511	18512	18514	18522	18524	18535	18540	18542	18544	18545	18554	18561	18562	18567	
18571	18579	18581	18588	18589	18592	18594	18607	18615	18624	18635	18653	18656	18660	18663	18666	18667	18671	18682	18684	
18690	18693	18699	18703	18711	18712	18733	18733	18735	18739	18743	18751	18756	18766	18767	18775	18777	18783	18796	18799	
18800	18803	18803	18824	18826	18826	18831	18832	18838	18844	18861	18863	18871	18874	18878	18885	18891	18893	18898	18915	
18915	18916	18917	18926	18931	18945	18954	18957	18962	18966	18971	18977	18993	19002	19008	19018	19026	19037	19050	19052	
19053	19060	19081	19147	19155	19159	19169	19170	19176	19186	19190	19191	19203	19210	19218	19228	19235	19253	19255	19280	
19281	19284	19286	19293	19308	19313	19319	19324	19335	19346	19352	19357	19358	19361	19364	19367	19376	19386	19394	19398	
19406	19416	19420	19429	19442	19460	19461	19462	19463	19465	19483	19484	19486	19490	19490	19491	19492	19494	19516	19519	
19521	19525	19534	19536	19537	19538	19542	19548	19549	19554	19557	19562	19569	19572	19576	19576	19577	19582	19587	19590	
19594	19602	19606	19609	19637	19660	19667	19668	19672	19675	19675	19678	19687	19693	19695	19703	19720	19750	19754	19756	
19760	19762	19766	19766	19779	19802	19807	19811	19825	19826	19833	19835	19836	19837	19837	19838	19838	19843	19845	19846	
19862	19863	19868	19873	19877	19879	19879	19883	19884	19886	19895	19897	19899	19904	19905	19919	19931	19937	19952	19979	
19985	19987	20003	20003	20005	20023	20029	20052	20055	20074	20078	20092	20121	20133	20138	20138	20141	20148	20149	20149	
20159	20162	20180	20184	20191	20192	20192	20194	20200	20201	20212	20212	20218	20219	20227	20236	20245	20246	20251	20256	
20258	20264	20269	20274	20288	20290	20291	20308	20310	20322	20328	20328	20331	20331	20335	20335	20345	20354	20362	20365	
20365	20366	20376	20381	20402	20407	20412	20421	20427	20428	20434	20436	20437	20438	20439	20447	20449	20450	20458	20461	
20465	20471	20480	20502	20508	20510	20522	20527	20534	20535	20537	20550	20554	20558	20558	20560	20561	20578	20583	20590	
20590	20593	20606	20624	20657	20658	20664	20664	20666	20666	20666	20688	20695	20714	20720	20730	20730	20745	20750	20770	
20802	20811	20825	20830	20835	20840	20847	20856	20860	20867	20874	20875	20876	20886	20886	20886	20899	20899	20908	20925	
20945	20948	20968	20972	20981	20996	21001	21005	21009	21012	21019	21032	21044	21048	21065	21083	21086	21091	21091	21093	
21094	21094	21107	21110	21115	21125	21143	21154	21158	21164	21173	21177	21178	21182	21182	21187	21190	21209	21214	21229	
21231	21239	21245	21246	21247	21249	21250	21250	21252	21255	21270	21270	21282	21286	21286	21294	21309	21309	21317	21319	
21320	21323	21328	21337	21337	21346	21348	21357	21361	21370	21376	21376	21380	21384	21390	21393	21393	21394	21394	21396	
21396	21400	21401	21405	21410	21415	21424	21425	21433	21440	21446	21449	21455	21464	21471	21493	21505	21516	21517	21534	
21538	21559	21561	21581	21583	21606	21614	21617	21625	21633	21638	21640	21645	21646	21651	21654	21658	21661	21664	21664	
21672	21677	21678	21684	21703	21710	21712	21724	21727	21738	21748	21752	21753	21757	21796	21806	21818	21821	21822	21823	
21832	21838	21854	21856	21863	21877	21879	21893	21898	21905	21905	21909	21917	21918	21939	21940	21945	21946	21963	21971	
21974	21980	21981	21982	22000	22019	22024	22025	22037	22037	22046	22046	22048	22055	22056	22062	22064	22075	22082	22088	
22094	22108	22152	22155	22161	22166	22167	22172	22176	22180	22186	22192	22194	22214	22218	22248	22251	22252	22263	22266	
22269	22273	22278	22279	22280	22286	22290	22316	22322	22325	22339	22339	22347	22350	22355	22355	22356	22363	22364	22378	
22396	22413	22414	22426	22432	22435	22445	22450	22453	22462	22469	22473	22476	22478	22492	22494	22517	22519	22523	22527	
22536	22546	22557	22560	22566	22574	22600	22604	22606	22622	22639	22639	22640	22641	22644	22650	22653	22658	22661	22666	
22686	22687	22699	22719	22722	22728	22730	22734	22738	22739	22743	22757	22768	22775	22776	22777	22781	22787	22800	22804	
22814	22815	22819	22828	22837	22838	22842	22854	22854	22862	22863	22867	22875	22875	22878	22884	22891	22897	22908	22909	
22919	22936	22949	22952	22953	22958	22963	22967	22976	22977	22978	22978	22986	22990	22995	22996	23001	23007	23035	23048	
23056	23058	23058	23071	23073	23082	23101	23112	23119	23137	23150	23153	23153	23163	23165	23171	23171	23172	23182	23187	
23187	23195	23199	23211	23216	23223	23230	23236	23236	23237	23244	23246	23251	23256	23256	23257	23266	23274	23278	23278	
23279	23283	23289	23296	23298	23301	23303	23303	23309	23321	23323	23324	23326	23326	23328	23330	23346	23356	23369	23379	
23393	23408	23424	23441	23443	23447	23449	23452	23460	23463	23475	23477	23478	23479	23488	23495	23504	23506	23510	23521	
23524	23524	23529	23533	23552	23567	23574	23575	23579	23584	23585	23587	23590	23592	23592	23593	23597	23603	23613	23616	
23626	23628	23629	23639	23639	23640	23641	23647	23655	23658	23658	23664	23666	23668	23690	23703	23708	23711	23716	23726	
23726	23730	23740	23741	23758	23763	23763	23767	23777	23785	23799	23810	23817	23829	23840	23841	23842	23861	23868	23875	
23887	23895	23907	23908	23921	23955	23956	23966	23971	23973	23985	23991	24003	24020	24024	24024	24039	24055	24061	24093	
24096	24101	24103	24105	24106	24107	24111	24127	24135	24137	24157	24160	24161	24165	24170	24172	24173	24175	24188	24188	
24193	24202	24208	24215	24217	24239	24265	24269	24281	24282	24283	24284	24286	24287	24287	24297	24298	24314	24315	24325	
24330	24342	24348	24352	24358	24358	24358	24383	24396	24397	24401	24402	24414	24417	24422	24435	24438	24440	24441	24441	
24443	24445	24455	24458	24458	24501	24505	24506	24512	24520	24533	24536	24538	24541	24541	24552	24569	24570	24570	24578	
24579	24605	24621	24624	24643	24645	24648	24665	24668	24673	24682	24683	24686	24695	24702	24711	24722	24722	24734	24746	
24751	24754	24758	24758	24764	24767	24769	24784	24794	24799	24800	24801	24804	24804	24807	24810	24820	24832	24845	24853	
24854	24858	24865	24871	24885	24895	24896	24898	24901	24910	24913	24920	24925	24939	24940	24947	24951	24956	24961	24967	
24967	24968	24970	24996	24999	25001	25020	25035	25039	25040	25040	25042	25050	25069	25069	25072	25074	25077	25085	25086	
25095	25100	25110	25122	25122	25133	25139	25145	25155	25158	25163	25175	25191	25194	25202	25212	25212	25223	25224	25231	
25234	25235	25241	25255	25256	25268	25271	25274	25277	25283	25308	25313	25315	25317	25324	25327	25332	25333	25335	25338	
25344	25346	25346	25349	25350	25370	25371	25372	25376	25384	25391	25398	25400	25415	25415	25418	25423	25429	25438	25445	
25478	25482	25483	25484	25485	25485	25489	25494	25511	25513	25524	25531	25533	25537	25542	25543	25544	25546	25547	25547	
25547	25554	25561	25563	25578	25581	25590	25598	25599	25605	25611	25616	25633	25640	25642	25643	25649	25652	25654	25657	
25682	25688	25690	25696	25699	25701	25703	25703	25705	25706	25708	25722	25723	25729	25740	25748	25782	25786	25787	25794	
25798	25823	25833	25838	25862	25864	25869	25887	25893	25898	25901	25903	25906	25912	25913	25914	25922	25944	25946	25998	
26009	26010	26013	26015	26026	26034	26037	26058	26065	26075	26076	26077	26078	26083	26087	26087	26103	26104	26117	26122	
26136	26138	26153	26161	26164	26166	26169	26182	26186	26188	26190	26203	26204	26205	26210	26220	26243	26246	26246	26248	
26262	26284	26294	26295	26304	26309	26315	26316	26318	26331	26331	26332	26339	26343	26343	26361	26374	26375	26378	26383	
26383	26398	26402	26418	26425	26428	26435	26439	26439	26452	26459	26461	26462	26464	26470	26470	26485	26489	26510	26511	
26516	26521	26525	26534	26536	26547	26555	26559	26561	26568	26570	26571	26574	26575	26595	26597	26604	26605	26609	26613	
26615	26616	26629	26629	26631	26633	26649	26653	26654	26657	26658	26660	26661	26666	26676	26677	26687	26694	26700	26709	
26717	26721	26725	26737	26738	26738	26740	26741	26744	26752	26757	26760	26769	26782	26785	26788	26791	26798	26799	26801	
26803	26820	26832	26838	26839	26843	26845	26846	26848	26853	26863	26863	26878	26882	26892	26894	26899	26901	26903	26904	
26905	26918	26925	26932	26934	26938	26945	26946	26951	26952	26954	26969	26970	26970	26972	26974	26975	26985	26989	26994	
26994	27011	27015	27022	27025	27026	27034	27036	27038	27042	27046	27046	27046	27048	27049	27050	27053	27055	27086	27093	
27093	27098	27104	27117	27130	27131	27139	27145	27166	27176	27177	27178	27178	27181	27188	27191	27194	27195	27198	27203	
27207	27231	27234	27244	27248	27249	27277	27283	27287	27288	27290	27297	27314	27318	27325	27330	27346	27346	27348	27349	
27359	27369	27371	27373	27396	27400	27419	27435	27442	27443	27443	27452	27470	27485	27485	27492	27497	27498	27499	27499	
27502	27519	27520	27525	27527	27529	27534	27535	27554	27573	27576	27598	27598	27600	27620	27638	27652	27656	27658	27660	
27660	27663	27672	27681	27694	27705	27707	27717	27725	27726	27728	27734	27735	27738	27739	27740	27750	27753	27754	27776	
27777	27779	27782	27783	27783	27784	27784	27786	27792	27801	27801	27813	27816	27822	27824	27826	27828	27830	27834	27835	
27869	27869	27880	27880	27880	27883	27885	27891	27898	27900	27908	27915	27915	27925	27927	27932	27942	27943	27950	27954	
27957	27959	27962	27965	27970	27978	27986	27992	28001	28008	28010	28013	28015	28024	28028	28036	28042	28052	28071	28086	
28109	28117	28129	28130	28131	28145	28163	28167	28167	28179	28184	28192	28196	28196	28210	28217	28219	28224	28240	28249	
28253	28254	28260	28281	28283	28285	28287	28288	28310	28312	28332	28334	28358	28360	28363	28375	28385	28412	28424	28425	
28431	28442	28454	28459	28489	28491	28495	28530	28531	28535	28536	28549	28555	28559	28569	28573	28584	28585	28601	28603	
28604	28612	28626	28628	28628	28631	28639	28643	28661	28671	28673	28685	28700	28714	28714	28736	28744	28750	28762	28764	
28764	28778	28785	28793	28800	28801	28811	28812	28814	28829	28834	28839	28840	28850	28858	28860	28869	28871	28879	28882	
28897	28898	28908	28911	28912	28915	28932	28932	28938	28941	28942	28944	28958	28959	28968	28972	28973	28997	29004	29010	
29015	29016	29018	29018	29024	29032	29039	29049	29075	29080	29084	29090	29096	29102	29106	29106	29111	29113	29122	29127	
29135	29136	29148	29156	29157	29159	29165	29182	29183	29187	29195	29196	29203	29204	29208	29219	29221	29221	29223	29234	
29238	29238	29239	29268	29271	29272	29281	29284	29285	29296	29297	29310	29311	29334	29334	29335	29341	29352	29353	29353	
29356	29367	29371	29371	29371	29373	29393	29395	29395	29397	29411	29423	29428	29434	29434	29448	29451	29453	29463	29464	
29466	29474	29480	29491	29496	29497	29510	29520	29525	29531	29537	29538	29553	29554	29555	29562	29576	29579	29583	29583	
29587	29591	29596	29598	29604	29610	29619	29623	29640	29644	29646	29652	29662	29669	29673	29684	29701	29707	29710	29710	
29711	29719	29727	29733	29734	29743	29745	29757	29774	29776	29781	29789	29792	29804	29809	29824	29828	29832	29838	29840	
29854	29858	29862	29868	29885	29890	29893	29908	29913	29923	29937	29939	29940	29941	29943	29963	29963	29980	29993	29996	
29999	30012	30018	30044	30046	30060	30062	30063	30063	30066	30081	30090	30097	30100	30105	30111	30114	30126	30133	30138	
30138	30142	30149	30162	30182	30183	30185	30191	30195	30199	30208	30245	30252	30264	30287	30288	30298	30305	30316	30321	
30325	30328	30330	30331	30336	30337	30343	30356	30359	30368	30372	30385	30385	30393	30403	30409	30420	30421	30421	30429	
30436	30446	30451	30452	30455	30456	30457	30472	30474	30489	30491	30500	30506	30511	30531	30551	30559	30563	30575	30583	
30595	30600	30602	30609	30625	30628	30632	30633	30641	30646	30654	30660	30663	30665	30667	30670	30676	30678	30682	30705	
30712	30713	30715	30715	30742	30744	30744	30760	30767	30792	30792	30803	30825	30826	30845	30851	30852	30892	30897	30905	
30915	30919	30929	30934	30936	30960	30964	30967	30967	30970	30977	30990	31005	31007	31008	31009	31023	31037	31069	31071	
31071	31075	31090	31100	31102	31121	31136	31159	31164	31165	31172	31173	31176	31188	31188	31204	31204	31207	31216	31218	
31219	31223	31229	31229	31243	31243	31255	31258	31258	31259	31266	31274	31281	31289	31290	31295	31304	31305	31310	31314	
31319	31326	31327	31330	31336	31341	31355	31365	31368	31368	31397	31403	31405	31409	31413	31414	31421	31425	31437	31447	
31447	31463	31469	31472	31494	31498	31500	31504	31508	31518	31518	31546	31553	31572	31583	31586	31586	31593	31594	31599	
31599	31601	31611	31618	31619	31626	31632	31639	31649	31668	31672	31675	31682	31689	31695	31717	31719	31725	31728	31730	
31730	31733	31735	31741	31745	31746	31747	31754	31764	31781	31785	31787	31790	31791	31793	31811	31816	31820	31821	31822	
31825	31838	31843	31847	31855	31863	31867	31879	31883	31889	31890	31895	31916	31917	31927	31928	31932	31940	31953	31961	
31965	31966	31967	31980	31980	31990	31990	31991	31997	31998	32004	32005	32022	32025	32029	32030	32035	32037	32044	32046	
32055	32057	32065	32079	32094	32095	32099	32100	32107	32110	32129	32140	32143	32147	32149	32151	32152	32161	32162	32179	
32179	32180	32182	32185	32188	32188	32194	32203	32208	32211	32220	32227	32230	32246	32259	32271	32273	32275	32281	32289	
32290	32303	32318	32320	32326	32330	32335	32338	32341	32349	32365	32376	32379	32386	32390	32390	32390	32398	32400	32416	
32419	32431	32437	32451	32455	32462	32463	32463	32482	32485	32498	32501	32506	32507	32510	32511	32521	32531	32537	32538	
32551	32552	32553	32553	32553	32557	32561	32562	32566	32573	32596	32597	32601	32603	32610	32616	32621	32628	32629	32637	
32638	32639	32645	32649	32659	32686	32691	32703	32710	32712	32717	32728	32731	32732	32747	32748	32756	32761	32762	32765	
