Time taken => 0.003000 sec 


0	0	1	1	3	5	12	14	14	20	21	26	28	35	39	40	54	55	56	57	
58	64	65	68	70	72	77	78	80	87	88	89	90	92	100	106	108	111	112	113	
113	116	130	130	134	135	143	146	156	160	163	164	164	178	180	185	190	214	215	216	
231	234	236	236	240	241	245	246	250	255	255	259	265	267	267	271	271	272	275	276	
280	283	289	291	291	295	300	301	301	301	303	304	305	307	309	309	309	312	315	316	
316	317	319	323	324	325	326	328	332	338	339	343	351	352	356	359	360	366	368	370	
372	374	378	379	385	387	389	391	395	418	420	425	426	428	431	433	433	444	450	460	
468	469	470	477	479	479	483	483	485	498	502	503	515	515	517	520	523	529	532	536	
537	538	540	542	543	548	553	554	561	566	566	572	575	588	598	599	602	605	615	615	
616	618	620	629	631	632	636	638	638	642	645	650	651	658	663	664	674	679	682	688	
690	693	697	699	700	700	701	701	702	703	705	712	712	713	717	722	725	725	725	725	
732	736	737	742	746	748	752	761	776	778	781	783	791	791	793	816	816	822	832	839	
840	841	842	843	845	849	850	853	853	853	854	854	855	856	869	877	882	883	885	900	
901	902	904	906	906	906	910	911	914	921	922	924	928	932	933	935	936	937	938	938	
939	944	946	947	956	960	967	978	983	985	987	988	994	994	998	999	1000	1005	1011	1012	
1025	1029	1029	1031	1032	1039	1044	1044	1049	1052	1054	1054	1059	1060	1060	1060	1060	1061	1068	1070	
1073	1080	1080	1081	1083	1085	1088	1093	1099	1099	1105	1114	1114	1114	1115	1120	1121	1123	1127	1129	
1129	1138	1145	1146	1150	1152	1154	1156	1156	1156	1162	1168	1171	1178	1179	1183	1193	1199	1202	1203	
1204	1205	1207	1209	1215	1219	1223	1227	1234	1234	1237	1242	1247	1254	1259	1263	1267	1268	1268	1280	
1281	1281	1289	1296	1297	1298	1298	1302	1306	1306	1309	1311	1313	1320	1325	1331	1332	1335	1339	1339	
1343	1347	1348	1349	1350	1352	1353	1365	1367	1369	1369	1372	1381	1382	1384	1387	1390	1392	1393	1396	
1397	1400	1401	1402	1403	1405	1406	1407	1408	1409	1413	1413	1414	1420	1422	1428	1436	1436	1437	1440	
1440	1446	1451	1461	1467	1468	1475	1475	1488	1488	1491	1492	1496	1504	1504	1516	1519	1522	1522	1525	
1537	1543	1548	1550	1555	1558	1559	1580	1580	1588	1595	1596	1605	1606	1608	1616	1620	1620	1627	1628	
1628	1628	1629	1636	1636	1637	1641	1647	1649	1653	1654	1658	1662	1666	1666	1676	1676	1678	1681	1682	
1684	1685	1689	1689	1690	1702	1704	1704	1705	1706	1707	1707	1708	1709	1709	1710	1710	1720	1721	1724	
1725	1727	1727	1730	1737	1740	1749	1751	1755	1762	1768	1771	1773	1776	1779	1781	1782	1784	1784	1789	
1794	1798	1800	1802	1804	1805	1808	1809	1821	1821	1834	1837	1839	1842	1851	1853	1858	1865	1866	1869	
1870	1870	1876	1879	1883	1884	1885	1887	1887	1890	1897	1900	1907	1911	1915	1919	1920	1925	1934	1935	
1936	1936	1941	1942	1943	1943	1946	1955	1960	1964	1966	1970	1971	1975	1978	1982	1984	1985	1988	1994	
1999	2004	2008	2011	2012	2012	2015	2018	2018	2024	2030	2031	2036	2046	2049	2050	2052	2054	2056	2057	
2067	2067	2069	2072	2074	2074	2074	2076	2079	2081	2081	2091	2092	2093	2095	2095	2097	2099	2099	2101	
2103	2105	2107	2115	2118	2126	2126	2130	2131	2134	2134	2138	2140	2140	2154	2161	2164	2168	2176	2178	
2179	2180	2184	2187	2188	2188	2191	2199	2202	2206	2212	2214	2223	2231	2238	2240	2240	2241	2241	2245	
2248	2248	2250	2251	2252	2253	2253	2257	2259	2265	2266	2269	2271	2283	2289	2294	2301	2305	2307	2310	
2310	2313	2316	2316	2317	2317	2325	2327	2328	2329	2331	2348	2350	2350	2360	2361	2362	2367	2367	2368	
2369	2375	2376	2382	2384	2385	2389	2391	2394	2394	2397	2404	2407	2408	2409	2410	2412	2417	2419	2420	
2423	2423	2426	2432	2432	2436	2440	2441	2443	2444	2445	2445	2446	2452	2460	2462	2463	2475	2477	2483	
2489	2492	2495	2497	2497	2501	2507	2511	2511	2512	2513	2516	2520	2521	2525	2527	2528	2530	2531	2537	
2537	2538	2540	2540	2543	2543	2545	2547	2548	2556	2564	2565	2568	2569	2573	2579	2581	2585	2588	2591	
2593	2594	2594	2598	2603	2609	2611	2619	2621	2622	2622	2628	2629	2636	2639	2639	2642	2646	2650	2650	
2652	2654	2655	2660	2661	2666	2673	2680	2683	2683	2685	2687	2689	2689	2692	2693	2707	2709	2711	2733	
2735	2737	2740	2743	2745	2747	2754	2757	2758	2758	2759	2761	2766	2772	2773	2781	2782	2783	2787	2792	
2800	2800	2802	2803	2805	2810	2812	2813	2814	2821	2821	2822	2822	2823	2824	2824	2828	2830	2833	2838	
2840	2840	2842	2843	2844	2846	2849	2849	2850	2856	2859	2869	2870	2870	2873	2876	2876	2880	2883	2884	
2890	2896	2897	2901	2902	2908	2910	2910	2913	2914	2916	2916	2919	2919	2921	2925	2929	2935	2937	2939	
2946	2948	2948	2954	2959	2961	2965	2972	2973	2984	2985	2985	2986	2987	2991	2993	2997	2997	2997	3002	
3003	3007	3009	3009	3010	3014	3018	3023	3034	3034	3043	3045	3046	3047	3052	3053	3054	3065	3067	3071	
3073	3087	3088	3089	3089	3090	3091	3093	3094	3096	3096	3097	3106	3106	3110	3115	3125	3129	3130	3131	
3131	3131	3132	3133	3136	3145	3152	3154	3161	3162	3163	3165	3169	3172	3174	3177	3180	3186	3187	3201	
3208	3212	3219	3220	3227	3236	3241	3242	3242	3243	3244	3250	3253	3255	3256	3258	3259	3259	3265	3266	
3268	3270	3270	3271	3274	3275	3277	3280	3285	3285	3287	3291	3291	3293	3295	3301	3302	3303	3314	3325	
3333	3338	3339	3344	3345	3345	3351	3358	3362	3369	3378	3380	3386	3389	3393	3395	3403	3407	3414	3417	
3419	3421	3425	3427	3431	3432	3433	3434	3437	3444	3446	3456	3456	3460	3464	3467	3467	3470	3473	3479	
3482	3485	3487	3489	3490	3492	3494	3498	3500	3516	3517	3521	3527	3529	3532	3533	3535	3545	3552	3556	
3564	3565	3566	3575	3577	3577	3577	3585	3585	3595	3597	3600	3606	3609	3613	3617	3624	3626	3626	3627	
3628	3640	3651	3651	3656	3661	3662	3664	3667	3667	3668	3671	3678	3680	3681	3681	3683	3684	3686	3686	
3688	3689	3700	3707	3707	3709	3717	3722	3724	3728	3731	3737	3741	3744	3744	3745	3746	3758	3768	3770	
3776	3781	3783	3783	3784	3785	3785	3786	3792	3792	3794	3797	3810	3816	3819	3821	3823	3833	3834	3835	
3836	3847	3847	3855	3857	3859	3860	3865	3868	3889	3890	3892	3895	3895	3897	3897	3907	3907	3907	3910	
3910	3916	3918	3922	3924	3924	3926	3928	3929	3930	3932	3933	3934	3936	3938	3946	3951	3958	3965	3973	
3978	3980	3983	3983	3986	3995	3996	3998	3999	4013	4013	4015	4024	4034	4038	4040	4048	4050	4051	4051	
4053	4059	4063	4064	4068	4069	4069	4079	4083	4083	4088	4089	4094	4097	4099	4100	4104	4105	4119	4124	
4125	4129	4130	4131	4131	4132	4134	4135	4137	4139	4142	4142	4152	4155	4156	4158	4160	4174	4174	4177	
4188	4191	4192	4192	4200	4201	4203	4207	4213	4214	4216	4223	4223	4224	4227	4229	4232	4232	4233	4234	
4235	4236	4238	4246	4249	4253	4254	4255	4255	4264	4268	4271	4275	4278	4280	4281	4282	4283	4284	4286	
4286	4287	4288	4295	4301	4304	4307	4307	4311	4311	4311	4316	4317	4317	4319	4320	4323	4324	4328	4330	
4334	4335	4337	4342	4343	4344	4353	4355	4356	4356	4357	4364	4367	4368	4369	4369	4385	4385	4390	4392	
4393	4393	4394	4396	4396	4397	4402	4403	4406	4410	4411	4412	4412	4417	4419	4420	4423	4424	4432	4432	
4432	4437	4440	4440	4446	4453	4454	4455	4462	4463	4464	4471	4474	4475	4476	4477	4482	4482	4485	4485	
4485	4485	4486	4490	4492	4493	4497	4503	4504	4505	4507	4512	4513	4515	4515	4516	4516	4519	4521	4525	
4528	4532	4535	4540	4540	4544	4545	4546	4547	4547	4547	4550	4554	4555	4557	4563	4574	4577	4579	4583	
4583	4586	4592	4592	4593	4598	4599	4599	4604	4607	4608	4611	4613	4624	4624	4626	4629	4634	4636	4636	
4640	4643	4651	4652	4661	4663	4664	4664	4669	4674	4674	4676	4679	4691	4693	4693	4703	4705	4707	4708	
4712	4712	4716	4718	4719	4719	4720	4723	4724	4727	4738	4738	4738	4739	4741	4741	4743	4748	4749	4752	
4753	4755	4761	4762	4762	4763	4768	4774	4775	4776	4779	4781	4784	4785	4785	4793	4796	4800	4802	4803	
4805	4809	4809	4812	4818	4822	4822	4824	4827	4847	4849	4849	4849	4850	4851	4856	4864	4870	4876	4878	
4879	4882	4885	4888	4891	4892	4896	4897	4898	4899	4908	4908	4912	4917	4927	4927	4932	4933	4935	4935	
4942	4945	4952	4959	4961	4964	4967	4976	4980	4981	4989	4989	5000	5001	5005	5006	5007	5009	5025	5028	
5030	5033	5035	5038	5038	5045	5048	5054	5056	5065	5070	5071	5073	5074	5076	5083	5084	5087	5090	5091	
5096	5097	5099	5101	5101	5102	5104	5106	5106	5111	5113	5115	5116	5123	5129	5134	5134	5136	5136	5137	
5150	5154	5155	5158	5160	5162	5162	5167	5172	5173	5180	5182	5183	5185	5186	5187	5196	5198	5201	5201	
5204	5206	5211	5211	5215	5224	5238	5246	5252	5254	5262	5264	5266	5283	5286	5286	5288	5289	5291	5291	
5308	5308	5309	5310	5318	5329	5330	5330	5345	5345	5347	5348	5349	5351	5356	5361	5362	5364	5366	5369	
5371	5377	5388	5391	5392	5392	5396	5396	5398	5416	5418	5419	5420	5425	5427	5434	5436	5437	5449	5449	
5452	5455	5458	5460	5462	5463	5466	5466	5466	5467	5471	5483	5484	5488	5491	5494	5501	5502	5503	5504	
5507	5509	5510	5516	5516	5517	5519	5521	5523	5525	5529	5530	5537	5544	5554	5559	5559	5559	5568	5572	
5574	5574	5575	5593	5597	5597	5597	5601	5607	5608	5611	5617	5626	5627	5632	5635	5645	5645	5647	5649	
5649	5650	5658	5661	5661	5664	5664	5668	5673	5681	5685	5687	5689	5689	5690	5701	5707	5709	5714	5717	
5718	5719	5721	5727	5729	5736	5738	5741	5743	5749	5755	5760	5761	5765	5775	5778	5781	5783	5784	5784	
5786	5790	5794	5797	5801	5808	5813	5818	5818	5823	5828	5831	5832	5834	5842	5842	5848	5854	5855	5859	
5862	5872	5876	5876	5877	5883	5885	5889	5890	5893	5893	5894	5895	5895	5900	5901	5902	5903	5904	5904	
5906	5909	5915	5919	5924	5935	5942	5950	5950	5953	5956	5958	5962	5968	5974	5976	5976	5981	5983	5985	
5988	5989	5992	5994	5996	6004	6015	6019	6023	6029	6030	6032	6033	6034	6037	6038	6040	6042	6054	6057	
6058	6058	6059	6059	6064	6064	6068	6068	6069	6069	6069	6069	6070	6070	6071	6071	6071	6074	6075	6082	
6084	6085	6088	6089	6090	6095	6098	6098	6098	6102	6103	6109	6110	6113	6114	6119	6121	6122	6124	6134	
6135	6150	6151	6152	6157	6159	6160	6162	6165	6166	6183	6187	6197	6197	6198	6202	6205	6205	6206	6206	
6208	6215	6217	6218	6218	6223	6224	6225	6232	6233	6237	6240	6245	6250	6252	6263	6263	6271	6275	6278	
6278	6279	6281	6284	6284	6289	6289	6289	6291	6292	6305	6309	6313	6327	6327	6329	6335	6337	6339	6341	
6344	6346	6349	6350	6355	6355	6356	6361	6364	6366	6366	6373	6381	6387	6390	6391	6392	6393	6402	6407	
6407	6409	6411	6412	6418	6419	6419	6424	6425	6426	6431	6432	6438	6442	6445	6454	6461	6463	6464	6468	
6468	6482	6487	6489	6489	6493	6498	6499	6502	6506	6513	6516	6516	6517	6517	6517	6518	6519	6519	6523	
6528	6535	6537	6553	6553	6556	6558	6561	6561	6567	6568	6570	6578	6580	6584	6588	6595	6595	6598	6601	
6602	6605	6607	6609	6614	6620	6628	6629	6629	6634	6635	6635	6635	6638	6640	6646	6648	6650	6661	6661	
6662	6663	6671	6672	6673	6674	6679	6682	6684	6685	6687	6692	6694	6694	6703	6703	6703	6706	6713	6717	
6721	6723	6724	6731	6731	6732	6744	6751	6752	6752	6761	6769	6773	6774	6774	6779	6798	6799	6803	6803	
6807	6807	6809	6815	6816	6817	6817	6821	6821	6821	6822	6824	6826	6832	6833	6845	6846	6849	6856	6860	
6864	6871	6871	6875	6877	6881	6884	6890	6892	6892	6892	6893	6895	6895	6896	6900	6911	6912	6915	6919	
6920	6920	6927	6929	6930	6939	6941	6945	6948	6961	6963	6968	6969	6974	6976	6976	6976	6976	6977	6982	
6988	6991	6993	6993	7002	7011	7012	7013	7014	7017	7032	7033	7038	7038	7039	7043	7044	7044	7045	7054	
7061	7062	7066	7068	7073	7077	7079	7079	7081	7092	7092	7100	7102	7103	7104	7111	7126	7126	7128	7130	
7133	7137	7152	7156	7157	7157	7158	7160	7162	7163	7170	7176	7180	7187	7190	7191	7195	7199	7200	7203	
7203	7206	7212	7215	7224	7228	7229	7239	7250	7252	7255	7258	7268	7270	7276	7277	7283	7288	7289	7292	
7293	7294	7295	7297	7300	7307	7311	7314	7319	7320	7320	7323	7325	7328	7329	7333	7337	7339	7342	7349	
7353	7372	7372	7380	7381	7382	7386	7388	7398	7399	7402	7403	7403	7419	7423	7424	7426	7431	7435	7440	
7443	7447	7447	7455	7464	7464	7470	7471	7475	7479	7484	7501	7502	7504	7507	7511	7511	7514	7515	7516	
7523	7527	7539	7550	7554	7567	7567	7567	7568	7568	7571	7572	7575	7585	7586	7589	7590	7595	7601	7602	
7603	7612	7615	7621	7624	7630	7635	7638	7644	7645	7647	7653	7653	7653	7660	7675	7680	7687	7696	7698	
7707	7710	7711	7711	7716	7718	7719	7720	7721	7721	7721	7724	7724	7726	7727	7728	7730	7732	7736	7736	
7736	7738	7739	7742	7747	7747	7749	7756	7760	7769	7770	7771	7772	7783	7785	7790	7795	7799	7799	7799	
7803	7809	7812	7818	7818	7820	7823	7826	7830	7831	7832	7834	7837	7839	7842	7845	7846	7849	7849	7851	
7852	7853	7855	7856	7860	7860	7864	7866	7884	7886	7893	7899	7906	7912	7921	7924	7933	7933	7934	7945	
7947	7958	7964	7969	7969	7979	7979	7987	7988	7990	7994	7999	8005	8008	8011	8012	8013	8016	8019	8023	
8023	8026	8032	8036	8044	8054	8056	8062	8066	8068	8074	8075	8079	8079	8079	8085	8086	8094	8099	8099	
8104	8107	8112	8116	8118	8119	8120	8121	8126	8126	8131	8131	8134	8139	8141	8144	8147	8148	8154	8154	
8156	8157	8157	8159	8161	8163	8164	8167	8172	8174	8175	8177	8184	8188	8189	8196	8205	8212	8212	8215	
8219	8220	8223	8231	8234	8237	8244	8244	8244	8246	8251	8257	8261	8266	8267	8269	8273	8276	8279	8280	
8282	8283	8285	8288	8291	8292	8294	8295	8295	8295	8298	8305	8309	8315	8325	8326	8336	8341	8345	8346	
8347	8348	8348	8350	8351	8365	8366	8367	8374	8376	8386	8388	8390	8392	8392	8400	8402	8403	8410	8415	
8416	8418	8419	8421	8422	8425	8431	8434	8435	8435	8437	8437	8441	8443	8444	8445	8447	8448	8448	8449	
8455	8456	8458	8459	8463	8463	8465	8469	8469	8470	8471	8472	8473	8483	8485	8500	8503	8504	8516	8516	
8526	8531	8532	8532	8540	8540	8541	8544	8552	8552	8564	8564	8567	8574	8578	8580	8580	8584	8584	8590	
8594	8594	8594	8595	8601	8606	8608	8616	8617	8618	8623	8627	8634	8639	8640	8645	8645	8649	8656	8660	
8660	8665	8670	8673	8674	8674	8675	8678	8680	8680	8681	8681	8683	8684	8694	8695	8698	8703	8705	8706	
8706	8710	8710	8710	8710	8716	8722	8722	8724	8724	8731	8733	8739	8743	8748	8751	8753	8758	8762	8769	
8770	8770	8772	8775	8776	8778	8779	8779	8780	8784	8788	8788	8792	8792	8800	8801	8802	8805	8810	8817	
8820	8826	8827	8827	8831	8835	8837	8843	8844	8848	8855	8856	8860	8864	8864	8865	8867	8869	8869	8871	
8873	8874	8874	8875	8878	8880	8881	8882	8883	8887	8890	8900	8900	8901	8902	8904	8905	8908	8910	8913	
8916	8925	8926	8927	8931	8931	8935	8944	8946	8947	8952	8953	8960	8969	8971	8975	8977	8980	8983	8988	
8988	8995	8998	8999	9002	9005	9008	9009	9011	9014	9018	9019	9020	9036	9038	9041	9048	9052	9054	9057	
9058	9060	9062	9064	9068	9074	9077	9080	9081	9083	9091	9091	9091	9094	9094	9109	9110	9111	9111	9112	
9114	9119	9121	9123	9127	9128	9130	9131	9132	9137	9143	9145	9151	9156	9156	9158	9161	9162	9167	9167	
9167	9176	9179	9180	9184	9184	9192	9196	9196	9198	9203	9208	9220	9222	9222	9227	9236	9237	9243	9245	
9245	9254	9255	9259	9260	9261	9263	9276	9282	9284	9285	9289	9291	9291	9293	9295	9297	9299	9302	9316	
9318	9323	9339	9345	9345	9349	9351	9360	9360	9360	9362	9364	9364	9364	9371	9376	9390	9394	9398	9402	
9403	9405	9406	9407	9412	9422	9424	9426	9430	9432	9434	9438	9439	9442	9448	9458	9467	9468	9473	9480	
9481	9483	9487	9494	9494	9494	9496	9505	9508	9508	9512	9513	9517	9521	9526	9528	9530	9530	9531	9532	
9533	9541	9544	9546	9547	9548	9548	9552	9553	9553	9554	9564	9565	9566	9570	9572	9577	9582	9588	9589	
9595	9596	9599	9599	9607	9609	9612	9613	9614	9619	9621	9626	9633	9636	9646	9647	9650	9653	9658	9660	
9662	9673	9673	9677	9679	9683	9685	9695	9695	9697	9699	9700	9703	9705	9711	9712	9714	9717	9719	9720	
9720	9723	9724	9731	9732	9742	9743	9745	9750	9755	9756	9765	9775	9778	9783	9783	9789	9791	9792	9795	
9799	9804	9806	9813	9814	9816	9816	9818	9821	9825	9846	9850	9850	9854	9859	9864	9878	9885	9891	9891	
9909	9910	9910	9912	9916	9917	9917	9920	9920	9923	9924	9924	9930	9931	9932	9937	9938	9941	9948	9948	
9956	9961	9963	9964	9965	9967	9967	9969	9970	9979	9980	9981	9986	9990	9994	9998	9999	10003	10004	10013	
10017	10018	10019	10020	10034	10035	10035	10036	10036	10036	10043	10046	10049	10049	10059	10062	10062	10064	10070	10084	
10089	10089	10094	10095	10095	10099	10105	10106	10124	10125	10127	10136	10139	10140	10146	10155	10163	10164	10166	10166	
10175	10177	10179	10189	10191	10192	10196	10202	10204	10208	10208	10209	10210	10215	10218	10219	10224	10226	10226	10228	
10229	10232	10233	10239	10240	10241	10243	10245	10248	10248	10250	10253	10254	10259	10264	10264	10270	10276	10279	10281	
10284	10286	10291	10303	10304	10304	10306	10309	10310	10317	10326	10332	10333	10335	10338	10340	10343	10343	10345	10363	
10366	10369	10369	10370	10374	10375	10378	10386	10386	10393	10398	10402	10405	10408	10413	10414	10418	10419	10420	10424	
10424	10427	10429	10430	10431	10431	10431	10436	10439	10442	10442	10449	10450	10451	10460	10461	10462	10462	10466	10466	
10469	10469	10471	10472	10475	10478	10479	10480	10480	10487	10490	10493	10500	10500	10505	10506	10506	10516	10528	10532	
10532	10535	10536	10536	10539	10541	10544	10545	10546	10547	10554	10575	10587	10590	10595	10597	10604	10608	10610	10616	
10619	10621	10623	10623	10627	10628	10629	10639	10640	10641	10644	10645	10647	10649	10650	10650	10653	10656	10664	10664	
10667	10667	10668	10669	10672	10679	10680	10685	10685	10688	10691	10695	10695	10709	10716	10716	10723	10735	10735	10739	
10740	10742	10744	10747	10751	10753	10764	10766	10767	10772	10772	10776	10782	10784	10784	10785	10800	10801	10805	10808	
10809	10811	10812	10815	10820	10821	10826	10832	10834	10835	10841	10849	10850	10852	10858	10861	10861	10867	10876	10879	
10881	10882	10885	10890	10893	10898	10899	10905	10909	10911	10914	10915	10922	10923	10932	10940	10947	10948	10952	10953	
10955	10973	10979	10979	10982	10984	10986	10992	10994	10996	10997	10999	11001	11001	11003	11004	11008	11010	11018	11018	
11020	11030	11034	11035	11036	11036	11037	11038	11045	11050	11062	11063	11071	11078	11089	11090	11091	11092	11098	11103	
11114	11114	11121	11121	11123	11124	11134	11135	11137	11150	11151	11151	11152	11154	11154	11156	11157	11158	11160	11161	
11162	11163	11168	11170	11170	11173	11179	11180	11187	11201	11203	11203	11205	11207	11207	11209	11209	11214	11216	11217	
11219	11220	11230	11234	11236	11240	11241	11243	11243	11247	11249	11256	11257	11261	11267	11269	11275	11276	11279	11288	
11289	11290	11291	11292	11293	11299	11301	11302	11302	11304	11304	11304	11306	11311	11311	11312	11320	11321	11325	11327	
11341	11342	11344	11345	11345	11348	11353	11355	11355	11355	11357	11364	11366	11367	11375	11377	11379	11383	11389	11394	
11401	11416	11420	11423	11440	11441	11448	11454	11462	11471	11475	11481	11490	11492	11494	11498	11498	11500	11502	11509	
11509	11511	11512	11513	11514	11515	11521	11524	11527	11529	11534	11536	11540	11542	11544	11546	11553	11553	11558	11559	
11564	11565	11570	11588	11589	11590	11595	11599	11599	11602	11610	11612	11614	11615	11617	11619	11623	11625	11628	11632	
11632	11632	11634	11636	11642	11644	11645	11646	11647	11648	11651	11652	11655	11656	11660	11661	11664	11665	11668	11676	
11678	11680	11687	11690	11694	11698	11704	11707	11707	11715	11718	11729	11734	11736	11737	11737	11737	11741	11742	11746	
11747	11754	11756	11758	11760	11768	11774	11785	11786	11786	11792	11794	11798	11798	11802	11809	11809	11813	11815	11815	
11821	11822	11823	11823	11823	11827	11830	11834	11834	11835	11839	11840	11841	11841	11844	11846	11852	11855	11860	11862	
11868	11874	11878	11881	11885	11886	11890	11897	11899	11899	11904	11907	11907	11908	11909	11913	11916	11920	11926	11928	
11928	11939	11940	11941	11942	11944	11946	11952	11954	11963	11970	11973	11978	11987	11988	11998	12004	12006	12022	12024	
12027	12028	12029	12030	12031	12031	12035	12036	12037	12038	12040	12040	12041	12043	12045	12050	12052	12056	12061	12062	
12062	12062	12064	12064	12071	12071	12074	12076	12076	12077	12080	12092	12094	12096	12098	12101	12107	12110	12115	12116	
12122	12132	12133	12133	12137	12137	12138	12140	12142	12142	12145	12150	12151	12159	12159	12159	12159	12160	12163	12163	
12164	12166	12174	12181	12183	12185	12188	12188	12189	12195	12200	12203	12205	12208	12210	12215	12223	12224	12229	12230	
12232	12238	12242	12243	12244	12255	12261	12268	12270	12273	12278	12284	12285	12286	12291	12293	12293	12294	12300	12303	
12305	12310	12311	12313	12316	12320	12322	12327	12331	12333	12333	12334	12338	12340	12340	12348	12350	12351	12358	12359	
12359	12360	12362	12364	12365	12369	12373	12373	12374	12377	12378	12383	12383	12384	12384	12387	12389	12390	12392	12392	
12393	12401	12404	12405	12407	12415	12418	12418	12425	12431	12433	12439	12439	12440	12443	12450	12454	12463	12468	12469	
12473	12476	12477	12479	12480	12489	12489	12489	12490	12494	12496	12498	12501	12520	12520	12521	12521	12523	12523	12526	
12528	12528	12530	12531	12531	12532	12538	12542	12543	12544	12544	12544	12545	12547	12549	12553	12556	12557	12559	12559	
12560	12561	12572	12572	12574	12575	12575	12575	12578	12581	12584	12589	12590	12601	12601	12602	12607	12608	12614	12619	
12620	12626	12627	12629	12629	12630	12631	12634	12636	12638	12643	12644	12647	12649	12649	12651	12659	12660	12660	12665	
12665	12669	12670	12672	12672	12675	12675	12675	12678	12678	12679	12680	12683	12687	12688	12690	12690	12693	12694	12697	
12702	12703	12707	12710	12712	12717	12721	12721	12723	12728	12731	12736	12744	12748	12748	12752	12754	12755	12755	12758	
12760	12761	12763	12767	12772	12773	12773	12773	12774	12782	12782	12783	12787	12790	12790	12791	12797	12799	12811	12811	
12821	12821	12827	12827	12831	12835	12838	12841	12843	12847	12850	12853	12855	12862	12867	12871	12872	12872	12872	12874	
12884	12889	12899	12900	12906	12911	12914	12928	12930	12933	12933	12935	12940	12943	12946	12946	12949	12950	12957	12957	
12961	12963	12967	12974	12977	12977	12982	12984	12984	12986	12994	12996	13004	13007	13009	13016	13017	13023	13024	13029	
13039	13041	13053	13054	13060	13062	13062	13063	13065	13068	13076	13081	13085	13089	13090	13095	13097	13097	13101	13101	
13107	13110	13113	13115	13115	13120	13121	13122	13125	13126	13127	13133	13134	13139	13146	13147	13152	13157	13161	13161	
13170	13176	13179	13185	13193	13196	13199	13200	13205	13209	13210	13216	13220	13226	13229	13238	13239	13241	13246	13247	
13252	13255	13257	13259	13265	13266	13267	13267	13269	13272	13275	13275	13276	13278	13287	13288	13289	13294	13297	13298	
13299	13300	13303	13304	13304	13318	13327	13329	13329	13330	13333	13335	13342	13346	13351	13354	13356	13363	13363	13364	
13367	13372	13378	13378	13379	13380	13384	13385	13388	13391	13392	13395	13404	13404	13408	13416	13416	13416	13420	13426	
13429	13429	13430	13432	13434	13434	13438	13438	13439	13445	13451	13454	13460	13462	13462	13469	13470	13472	13485	13494	
13501	13501	13502	13502	13505	13512	13514	13515	13518	13524	13528	13529	13529	13532	13543	13552	13552	13553	13554	13564	
13569	13572	13578	13578	13586	13586	13588	13596	13599	13599	13613	13621	13621	13622	13629	13629	13638	13644	13646	13654	
13666	13673	13677	13684	13688	13698	13699	13700	13704	13705	13708	13708	13712	13718	13720	13722	13729	13729	13732	13732	
13733	13739	13742	13742	13743	13747	13750	13755	13759	13761	13762	13764	13767	13767	13769	13771	13773	13774	13780	13782	
13785	13786	13786	13787	13788	13791	13792	13795	13802	13803	13808	13809	13812	13819	13828	13832	13833	13846	13847	13847	
13853	13856	13861	13867	13874	13876	13877	13891	13898	13928	13930	13932	13939	13942	13943	13943	13946	13949	13950	13959	
13960	13966	13975	13976	13977	13980	13987	13987	13989	13991	13998	13999	14000	14002	14006	14008	14009	14010	14010	14016	
14023	14023	14027	14033	14037	14039	14048	14058	14064	14070	14075	14082	14083	14085	14086	14087	14090	14094	14098	14104	
14105	14106	14106	14111	14112	14112	14115	14115	14117	14117	14121	14126	14131	14141	14142	14147	14162	14163	14166	14171	
14172	14172	14174	14174	14178	14179	14181	14186	14189	14190	14201	14202	14205	14205	14205	14206	14211	14225	14229	14233	
14235	14236	14237	14239	14246	14248	14250	14251	14257	14257	14258	14271	14271	14283	14287	14289	14290	14292	14297	14298	
14298	14300	14305	14306	14308	14310	14314	14314	14328	14332	14334	14334	14344	14349	14349	14350	14354	14357	14360	14364	
14364	14366	14372	14373	14379	14385	14385	14394	14396	14400	14401	14404	14404	14407	14408	14412	14414	14416	14417	14419	
14431	14431	14431	14431	14435	14439	14446	14449	14453	14457	14460	14463	14463	14463	14463	14467	14468	14468	14470	14473	
14480	14480	14485	14487	14490	14490	14491	14509	14511	14515	14520	14523	14527	14538	14545	14552	14553	14554	14556	14557	
14564	14566	14570	14571	14571	14571	14573	14573	14576	14578	14585	14588	14590	14590	14600	14602	14602	14604	14609	14610	
14611	14613	14613	14615	14621	14628	14628	14629	14632	14634	14635	14639	14639	14641	14645	14645	14648	14650	14652	14656	
14659	14663	14665	14665	14666	14670	14671	14680	14686	14689	14692	14696	14700	14703	14703	14703	14706	14708	14708	14717	
14718	14720	14721	14727	14728	14728	14730	14733	14734	14736	14737	14738	14741	14747	14759	14763	14772	14774	14783	14788	
14789	14791	14793	14796	14808	14813	14817	14818	14819	14827	14831	14835	14840	14843	14846	14846	14849	14851	14860	14862	
14864	14866	14873	14874	14874	14878	14878	14879	14880	14902	14902	14908	14910	14913	14919	14920	14920	14925	14936	14937	
14943	14946	14958	14961	14961	14962	14969	14972	14974	14975	14977	14979	14983	14983	14984	14987	14994	14994	14995	14996	
15001	15001	15002	15012	15021	15023	15027	15030	15039	15039	15041	15041	15042	15045	15048	15049	15050	15055	15059	15069	
15072	15076	15078	15079	15080	15083	15085	15090	15100	15105	15107	15116	15116	15129	15134	15135	15138	15140	15151	15152	
15161	15165	15172	15178	15181	15188	15191	15200	15201	15202	15203	15204	15206	15206	15210	15212	15216	15216	15221	15222	
15225	15233	15234	15243	15246	15249	15250	15250	15256	15266	15268	15268	15269	15272	15272	15276	15278	15279	15281	15281	
15284	15284	15284	15292	15297	15304	15305	15307	15315	15325	15332	15342	15348	15350	15350	15350	15353	15353	15356	15359	
15361	15365	15368	15373	15379	15382	15388	15390	15391	15392	15400	15401	15403	15416	15418	15423	15426	15430	15437	15444	
15450	15453	15455	15455	15461	15461	15465	15467	15469	15470	15483	15483	15483	15493	15493	15495	15498	15501	15503	15509	
15515	15516	15517	15519	15520	15520	15523	15523	15526	15527	15532	15540	15543	15552	15552	15553	15556	15557	15562	15570	
15573	15580	15580	15582	15583	15585	15585	15586	15587	15591	15593	15599	15600	15601	15601	15606	15607	15607	15608	15608	
15612	15614	15614	15623	15625	15630	15632	15635	15639	15643	15648	15651	15654	15655	15660	15660	15661	15667	15672	15683	
15684	15685	15685	15688	15690	15692	15697	15704	15705	15717	15721	15722	15723	15725	15725	15725	15726	15729	15729	15732	
15738	15740	15747	15748	15750	15751	15752	15754	15757	15761	15762	15763	15764	15769	15772	15773	15779	15780	15783	15793	
15794	15797	15799	15804	15805	15812	15815	15823	15824	15833	15834	15836	15842	15844	15852	15854	15855	15857	15859	15867	
15870	15871	15876	15883	15884	15888	15889	15889	15892	15902	15902	15906	15907	15911	15918	15920	15921	15924	15925	15926	
15927	15931	15937	15946	15946	15949	15949	15951	15953	15954	15954	15957	15961	15962	15962	15965	15968	15970	15972	15981	
15982	15985	15985	15991	15993	15994	15998	15998	16003	16005	16006	16010	16018	16020	16022	16028	16039	16042	16044	16053	
16057	16063	16064	16069	16069	16069	16075	16076	16082	16085	16086	16087	16107	16108	16109	16110	16111	16121	16121	16123	
16129	16131	16134	16137	16148	16148	16150	16152	16154	16156	16157	16164	16166	16169	16173	16187	16191	16195	16196	16198	
16203	16203	16203	16204	16207	16208	16216	16219	16221	16222	16224	16225	16227	16228	16234	16238	16238	16241	16250	16251	
16259	16263	16266	16269	16272	16273	16277	16279	16282	16283	16284	16285	16289	16290	16292	16293	16296	16299	16316	16325	
16325	16327	16329	16331	16332	16334	16334	16337	16338	16343	16346	16348	16358	16362	16367	16368	16375	16376	16383	16383	
16386	16391	16392	16394	16396	16401	16403	16405	16405	16405	16408	16410	16411	16412	16417	16421	16421	16422	16428	16439	
16443	16443	16449	16451	16455	16457	16468	16472	16472	16474	16475	16480	16480	16481	16482	16491	16494	16500	16500	16502	
16511	16511	16514	16517	16535	16541	16544	16544	16553	16555	16555	16556	16557	16557	16558	16558	16560	16561	16562	16563	
16565	16566	16569	16570	16571	16572	16576	16577	16578	16580	16584	16586	16586	16586	16587	16588	16588	16597	16600	16601	
16603	16607	16609	16609	16610	16610	16618	16622	16623	16624	16625	16628	16629	16631	16638	16639	16650	16650	16662	16664	
16670	16675	16680	16686	16689	16689	16690	16693	16694	16695	16695	16698	16698	16699	16700	16700	16702	16704	16710	16711	
16718	16723	16723	16724	16729	16732	16733	16735	16738	16738	16739	16740	16742	16744	16744	16754	16758	16759	16759	16760	
16765	16780	16782	16787	16788	16788	16792	16800	16800	16801	16801	16802	16804	16804	16807	16809	16810	16813	16817	16818	
16824	16829	16830	16834	16840	16844	16846	16847	16847	16849	16850	16850	16850	16854	16862	16873	16876	16879	16882	16887	
16888	16888	16889	16891	16891	16894	16899	16905	16906	16913	16913	16915	16921	16924	16924	16928	16928	16930	16935	16938	
16945	16948	16967	16973	16980	16987	16987	16998	17003	17009	17009	17011	17014	17016	17016	17016	17017	17018	17018	17020	
17027	17029	17036	17039	17040	17043	17044	17045	17049	17050	17052	17057	17060	17060	17063	17068	17070	17074	17076	17081	
17083	17103	17103	17103	17103	17104	17106	17107	17113	17118	17120	17123	17124	17126	17134	17135	17137	17141	17144	17148	
17156	17156	17156	17159	17167	17172	17192	17194	17197	17197	17197	17199	17202	17208	17209	17209	17210	17221	17225	17231	
17232	17235	17243	17255	17256	17261	17262	17267	17270	17271	17271	17276	17276	17281	17282	17286	17286	17288	17289	17290	
17291	17292	17298	17299	17304	17305	17306	17307	17309	17310	17310	17313	17322	17324	17327	17328	17334	17335	17341	17345	
17346	17346	17348	17349	17356	17358	17358	17362	17362	17363	17363	17366	17370	17371	17380	17382	17395	17406	17410	17410	
17415	17416	17423	17425	17426	17433	17433	17436	17439	17449	17449	17459	17461	17467	17472	17472	17474	17484	17485	17489	
17492	17493	17500	17502	17503	17503	17510	17511	17513	17523	17525	17526	17529	17529	17535	17538	17541	17541	17544	17551	
17554	17564	17572	17573	17576	17579	17584	17593	17594	17598	17605	17606	17611	17614	17616	17622	17622	17624	17624	17631	
17632	17634	17638	17638	17640	17641	17644	17650	17651	17653	17654	17655	17657	17658	17660	17660	17662	17664	17664	17669	
17672	17680	17685	17691	17691	17695	17699	17701	17703	17703	17708	17713	17718	17726	17726	17729	17729	17732	17733	17745	
17745	17753	17754	17757	17759	17762	17766	17770	17770	17776	17783	17792	17799	17809	17812	17816	17817	17818	17818	17838	
17844	17844	17847	17854	17856	17859	17864	17866	17867	17882	17885	17889	17891	17908	17910	17910	17911	17917	17921	17921	
17932	17935	17937	17938	17940	17940	17945	17945	17950	17958	17963	17965	17969	17972	17973	17974	17975	17978	17980	17985	
17987	17989	17989	17990	17999	18001	18004	18010	18013	18015	18015	18015	18015	18015	18017	18028	18033	18033	18034	18035	
18042	18042	18045	18046	18049	18050	18066	18068	18077	18080	18082	18087	18090	18100	18106	18107	18109	18112	18113	18115	
18122	18126	18133	18133	18134	18135	18146	18149	18150	18151	18153	18154	18156	18157	18160	18161	18162	18164	18169	18170	
18171	18174	18174	18184	18184	18186	18189	18191	18191	18194	18194	18201	18204	18205	18206	18209	18215	18221	18226	18227	
18228	18228	18230	18230	18232	18235	18235	18239	18243	18243	18250	18251	18252	18254	18267	18270	18273	18281	18286	18287	
18290	18291	18293	18295	18295	18303	18303	18308	18309	18315	18316	18316	18324	18338	18343	18348	18360	18366	18375	18376	
18393	18396	18400	18401	18406	18406	18413	18422	18424	18426	18430	18432	18432	18436	18437	18440	18444	18444	18445	18455	
18456	18460	18461	18461	18462	18464	18467	18469	18483	18483	18484	18490	18496	18500	18501	18502	18505	18510	18514	18516	
18520	18523	18527	18534	18559	18562	18564	18564	18566	18567	18569	18572	18572	18573	18573	18579	18585	18588	18589	18591	
18596	18597	18599	18606	18606	18615	18620	18623	18628	18631	18640	18640	18641	18642	18642	18651	18653	18653	18653	18658	
18659	18660	18668	18674	18682	18683	18687	18691	18695	18697	18697	18698	18701	18704	18712	18715	18716	18717	18719	18728	
18732	18732	18733	18733	18735	18737	18738	18739	18742	18746	18751	18753	18760	18763	18764	18765	18769	18769	18772	18788	
18792	18800	18805	18807	18813	18816	18818	18820	18822	18825	18825	18826	18827	18829	18831	18832	18832	18844	18847	18848	
18848	18850	18855	18857	18858	18859	18863	18865	18869	18873	18873	18875	18883	18884	18889	18897	18899	18899	18901	18902	
18904	18904	18905	18915	18922	18927	18931	18931	18939	18940	18944	18950	18951	18952	18954	18957	18959	18962	18964	18967	
18968	18969	18969	18973	18973	18977	18985	18987	18990	18990	18992	18996	18996	19002	19005	19010	19011	19016	19024	19024	
19030	19035	19036	19038	19040	19040	19045	19048	19048	19054	19055	19066	19071	19072	19080	19080	19084	19085	19089	19091	
19092	19096	19097	19101	19104	19108	19110	19112	19114	19118	19123	19125	19125	19128	19129	19131	19133	19133	19135	19135	
19139	19141	19142	19147	19147	19148	19154	19155	19160	19161	19167	19168	19169	19173	19176	19183	19187	19190	19192	19194	
19194	19198	19199	19201	19202	19207	19211	19212	19212	19215	19219	19222	19223	19223	19223	19225	19231	19231	19236	19237	
19241	19245	19246	19249	19253	19253	19256	19257	19259	19260	19261	19265	19265	19271	19272	19274	19274	19276	19278	19280	
19284	19287	19287	19293	19293	19294	19295	19296	19297	19301	19303	19304	19304	19304	19305	19306	19313	19314	19320	19332	
19337	19344	19345	19353	19356	19357	19361	19362	19363	19370	19373	19373	19375	19376	19376	19377	19381	19381	19382	19384	
19386	19393	19395	19396	19401	19411	19417	19422	19422	19426	19427	19429	19431	19431	19436	19439	19442	19445	19451	19453	
19462	19468	19468	19469	19470	19481	19499	19500	19503	19506	19508	19509	19510	19511	19512	19517	19518	19520	19521	19523	
19523	19524	19526	19530	19532	19535	19543	19545	19546	19548	19550	19550	19554	19555	19555	19556	19557	19571	19572	19575	
19578	19578	19579	19581	19582	19589	19595	19600	19614	19616	19620	19626	19627	19629	19631	19632	19633	19635	19639	19640	
19641	19641	19642	19647	19650	19650	19653	19656	19657	19659	19660	19669	19671	19673	19674	19676	19678	19679	19681	19681	
19683	19687	19688	19705	19706	19710	19713	19715	19718	19721	19724	19725	19727	19736	19747	19754	19757	19761	19763	19764	
19769	19769	19771	19771	19778	19778	19788	19794	19799	19799	19801	19804	19818	19825	19829	19830	19830	19831	19832	19837	
19838	19844	19844	19845	19857	19860	19864	19872	19875	19877	19883	19884	19888	19889	19892	19895	19898	19899	19900	19908	
19909	19915	19915	19920	19921	19923	19933	19934	19938	19938	19945	19958	19959	19961	19962	19965	19965	19966	19968	19976	
19978	19979	19990	19996	19999	20001	20002	20003	20011	20024	20025	20026	20027	20028	20034	20034	20040	20043	20043	20052	
20057	20058	20059	20067	20081	20081	20082	20088	20088	20093	20097	20100	20103	20104	20107	20108	20108	20110	20112	20124	
20131	20132	20134	20135	20136	20142	20144	20152	20154	20160	20166	20167	20167	20168	20175	20175	20181	20183	20185	20185	
20186	20187	20191	20192	20193	20193	20198	20200	20202	20202	20205	20210	20215	20220	20223	20223	20223	20224	20225	20226	
20227	20227	20228	20230	20231	20231	20232	20234	20236	20238	20240	20245	20248	20250	20251	20253	20255	20256	20257	20258	
20259	20259	20259	20264	20267	20270	20272	20274	20277	20280	20282	20284	20287	20288	20291	20292	20294	20295	20299	20303	
20311	20320	20324	20331	20334	20339	20347	20348	20351	20352	20353	20356	20358	20367	20372	20373	20376	20385	20388	20392	
20401	20403	20406	20412	20416	20419	20422	20424	20425	20436	20444	20451	20452	20454	20460	20466	20470	20472	20474	20475	
20475	20479	20480	20481	20484	20486	20487	20491	20494	20495	20501	20503	20505	20513	20520	20523	20528	20529	20535	20538	
20539	20546	20548	20551	20556	20556	20558	20562	20563	20564	20568	20572	20574	20579	20581	20581	20581	20585	20586	20591	
20591	20592	20592	20594	20601	20601	20605	20611	20612	20614	20614	20623	20627	20633	20634	20643	20644	20651	20655	20656	
20663	20663	20667	20667	20674	20681	20693	20694	20696	20700	20705	20706	20714	20714	20721	20730	20731	20732	20735	20738	
20740	20741	20749	20749	20750	20753	20753	20755	20756	20757	20758	20758	20765	20777	20778	20784	20790	20793	20793	20795	
20796	20798	20798	20800	20808	20812	20815	20822	20830	20836	20839	20843	20843	20850	20853	20855	20859	20863	20868	20868	
20871	20894	20896	20899	20903	20905	20911	20912	20920	20920	20922	20928	20930	20936	20937	20940	20942	20944	20956	20960	
20962	20963	20970	20971	20978	20979	20981	20982	20982	20986	20995	21000	21001	21001	21004	21005	21013	21021	21024	21026	
21027	21032	21037	21044	21050	21053	21060	21067	21067	21067	21072	21073	21074	21075	21077	21082	21082	21082	21084	21085	
21089	21091	21091	21093	21094	21095	21095	21112	21113	21118	21121	21122	21128	21131	21132	21133	21135	21140	21147	21150	
21156	21160	21172	21174	21175	21178	21181	21181	21183	21183	21184	21185	21185	21186	21188	21189	21190	21196	21198	21206	
21210	21214	21226	21228	21234	21236	21240	21247	21247	21250	21250	21251	21255	21256	21262	21266	21273	21273	21274	21275	
21275	21275	21281	21281	21282	21282	21285	21286	21286	21289	21296	21306	21309	21310	21312	21314	21322	21331	21333	21333	
21335	21340	21340	21341	21346	21352	21355	21363	21363	21366	21368	21374	21376	21384	21385	21397	21397	21400	21404	21413	
21413	21414	21424	21426	21429	21432	21433	21433	21435	21439	21448	21450	21455	21456	21458	21461	21462	21468	21470	21470	
21475	21482	21484	21484	21485	21486	21486	21488	21489	21490	21497	21499	21501	21502	21505	21510	21515	21520	21525	21532	
21533	21538	21539	21539	21541	21541	21549	21550	21552	21561	21563	21564	21567	21569	21569	21584	21590	21600	21601	21604	
21606	21607	21609	21613	21617	21619	21624	21637	21643	21650	21651	21653	21659	21659	21659	21662	21670	21683	21683	21685	
21689	21689	21695	21695	21699	21700	21700	21707	21709	21718	21725	21726	21731	21735	21739	21741	21746	21746	21750	21750	
21752	21753	21754	21755	21762	21763	21770	21776	21782	21798	21802	21810	21818	21819	21819	21820	21820	21825	21826	21828	
21830	21831	21837	21843	21843	21849	21856	21865	21870	21875	21875	21875	21876	21876	21880	21881	21882	21886	21887	21887	
21894	21896	21896	21897	21899	21907	21912	21918	21926	21928	21930	21939	21939	21941	21942	21943	21943	21944	21945	21946	
21947	21958	21961	21962	21968	21970	21972	21972	21982	21982	21983	21988	21992	21995	21998	21998	22008	22008	22009	22013	
22016	22022	22027	22028	22035	22036	22041	22052	22053	22055	22056	22056	22059	22060	22065	22065	22065	22082	22082	22082	
22087	22088	22092	22096	22103	22105	22106	22116	22126	22132	22133	22135	22138	22141	22143	22151	22153	22155	22164	22165	
22167	22183	22186	22189	22192	22200	22204	22204	22209	22210	22213	22217	22218	22218	22221	22222	22222	22228	22230	22236	
22238	22243	22250	22253	22259	22261	22262	22271	22278	22283	22284	22285	22289	22291	22291	22292	22293	22296	22296	22304	
22307	22308	22310	22311	22313	22313	22318	22319	22328	22329	22329	22333	22350	22355	22356	22363	22366	22370	22370	22377	
22379	22388	22389	22393	22395	22400	22405	22415	22418	22425	22426	22427	22428	22431	22434	22435	22440	22443	22447	22450	
22450	22458	22464	22464	22476	22480	22480	22480	22481	22491	22494	22494	22497	22498	22498	22504	22509	22510	22512	22513	
22514	22514	22515	22523	22530	22535	22538	22544	22547	22552	22552	22552	22556	22560	22562	22565	22566	22570	22577	22577	
22581	22588	22593	22594	22595	22596	22600	22602	22603	22608	22609	22610	22610	22612	22612	22614	22619	22623	22631	22633	
22633	22637	22638	22639	22642	22650	22651	22651	22653	22655	22657	22663	22664	22664	22666	22675	22682	22691	22694	22696	
22705	22706	22707	22707	22707	22708	22716	22718	22719	22726	22727	22733	22734	22745	22747	22754	22768	22768	22770	22774	
22776	22777	22781	22781	22782	22786	22787	22789	22789	22790	22791	22791	22792	22795	22796	22797	22800	22807	22810	22812	
22812	22820	22828	22828	22828	22837	22843	22846	22846	22848	22857	22858	22867	22868	22868	22870	22870	22872	22875	22878	
22889	22896	22901	22901	22904	22906	22913	22917	22921	22921	22921	22923	22927	22928	22931	22933	22937	22940	22944	22946	
22948	22948	22951	22961	22964	22967	22969	22971	22978	22981	22982	22982	22983	22992	22993	22998	22999	23006	23011	23012	
23013	23018	23018	23020	23024	23031	23036	23037	23037	23037	23038	23044	23045	23047	23049	23052	23058	23061	23065	23068	
23071	23072	23073	23073	23074	23080	23088	23088	23092	23092	23093	23095	23096	23114	23118	23124	23126	23132	23141	23142	
23145	23145	23146	23152	23157	23176	23179	23180	23182	23183	23205	23207	23208	23209	23209	23211	23212	23212	23212	23217	
23226	23227	23229	23239	23243	23244	23246	23248	23251	23254	23256	23266	23272	23274	23275	23281	23285	23285	23286	23288	
23295	23303	23312	23318	23323	23327	23328	23331	23337	23340	23341	23342	23344	23344	23349	23357	23359	23363	23365	23367	
23368	23369	23371	23374	23375	23376	23377	23378	23379	23382	23385	23386	23393	23394	23397	23400	23407	23418	23427	23428	
23444	23446	23447	23449	23451	23457	23468	23468	23469	23471	23472	23478	23479	23480	23482	23490	23494	23497	23498	23498	
23500	23503	23505	23507	23509	23511	23518	23518	23522	23523	23525	23533	23536	23540	23540	23546	23548	23555	23556	23556	
23558	23559	23559	23563	23565	23566	23567	23573	23574	23575	23579	23584	23584	23587	23598	23601	23605	23610	23611	23614	
23622	23625	23629	23633	23638	23642	23652	23655	23655	23655	23663	23664	23664	23664	23666	23669	23673	23674	23678	23680	
23688	23689	23690	23690	23707	23708	23708	23708	23716	23719	23721	23726	23732	23734	23742	23746	23748	23753	23758	23758	
23758	23759	23767	23772	23773	23775	23783	23783	23787	23789	23801	23804	23804	23806	23815	23817	23820	23820	23821	23822	
23827	23827	23833	23834	23834	23836	23844	23844	23850	23851	23852	23855	23858	23858	23863	23866	23869	23872	23872	23875	
23875	23877	23880	23882	23885	23886	23887	23890	23896	23900	23904	23913	23914	23914	23917	23921	23922	23925	23939	23946	
23948	23948	23953	23957	23968	23969	23971	23977	23977	23977	23979	23982	23987	23990	23990	23993	24000	24008	24009	24009	
24012	24015	24015	24019	24024	24030	24031	24031	24034	24037	24037	24038	24039	24047	24050	24052	24053	24059	24059	24060	
24063	24066	24069	24072	24081	24081	24086	24113	24117	24120	24125	24131	24134	24141	24145	24147	24150	24150	24153	24159	
24161	24166	24169	24173	24173	24174	24175	24176	24178	24182	24187	24188	24197	24202	24203	24206	24206	24212	24215	24216	
24220	24220	24222	24222	24223	24235	24235	24241	24242	24242	24242	24246	24247	24251	24251	24252	24257	24258	24258	24258	
24259	24260	24261	24270	24280	24282	24286	24287	24291	24293	24298	24306	24308	24311	24329	24332	24339	24344	24353	24354	
24357	24358	24359	24360	24361	24362	24364	24366	24368	24371	24375	24381	24383	24385	24387	24388	24391	24392	24393	24400	
24400	24404	24406	24411	24415	24417	24424	24426	24426	24430	24437	24439	24440	24443	24445	24446	24450	24451	24452	24454	
24462	24464	24466	24466	24471	24476	24477	24478	24483	24488	24489	24491	24495	24497	24499	24512	24513	24516	24517	24520	
24529	24544	24549	24549	24551	24554	24557	24562	24563	24565	24573	24575	24578	24579	24580	24580	24581	24583	24583	24587	
24591	24595	24597	24604	24604	24607	24609	24614	24622	24623	24635	24637	24639	24641	24645	24652	24653	24657	24659	24661	
24667	24671	24675	24683	24686	24686	24691	24695	24703	24711	24713	24715	24719	24721	24722	24723	24727	24736	24737	24741	
24747	24751	24751	24753	24754	24761	24762	24766	24772	24776	24778	24779	24780	24784	24785	24786	24789	24799	24802	24805	
24807	24809	24810	24824	24826	24827	24833	24856	24858	24859	24864	24865	24866	24872	24874	24884	24888	24888	24889	24892	
24894	24897	24897	24904	24904	24907	24907	24911	24915	24915	24927	24929	24929	24935	24938	24941	24946	24946	24950	24953	
24956	24962	24972	24980	24985	24987	24992	24999	25003	25005	25009	25010	25011	25015	25016	25017	25026	25037	25040	25045	
25046	25047	25053	25055	25058	25062	25063	25066	25077	25077	25077	25080	25080	25085	25086	25094	25098	25102	25104	25108	
25112	25114	25128	25133	25135	25136	25166	25178	25179	25181	25184	25188	25190	25191	25192	25192	25200	25205	25208	25210	
25213	25213	25214	25217	25218	25218	25219	25221	25221	25247	25249	25254	25254	25254	25258	25263	25270	25272	25273	25275	
25276	25278	25282	25291	25292	25293	25299	25310	25312	25315	25318	25320	25322	25324	25333	25341	25343	25350	25352	25357	
25371	25374	25381	25386	25387	25389	25390	25391	25391	25407	25408	25408	25412	25413	25417	25418	25418	25418	25427	25428	
25432	25433	25438	25439	25440	25447	25447	25448	25451	25458	25464	25466	25468	25474	25480	25482	25483	25489	25498	25499	
25500	25502	25504	25505	25505	25507	25508	25514	25522	25527	25528	25529	25530	25533	25537	25544	25546	25548	25549	25558	
25568	25571	25580	25580	25585	25587	25588	25590	25590	25590	25593	25595	25601	25605	25606	25606	25607	25620	25625	25626	
25629	25634	25637	25644	25647	25651	25652	25658	25678	25684	25684	25684	25686	25688	25689	25691	25696	25697	25697	25702	
25709	25709	25712	25714	25716	25721	25722	25725	25726	25729	25735	25736	25737	25742	25748	25749	25749	25758	25759	25766	
25766	25770	25770	25781	25783	25783	25788	25788	25794	25797	25798	25798	25800	25810	25812	25815	25818	25823	25829	25835	
25843	25845	25846	25849	25851	25856	25864	25870	25871	25876	25877	25883	25887	25892	25893	25895	25898	25905	25913	25915	
25922	25925	25925	25929	25931	25932	25933	25940	25940	25942	25944	25944	25945	25955	25957	25960	25964	25967	25975	25976	
25982	25983	25988	25990	25991	25994	26002	26005	26010	26012	26019	26019	26021	26022	26022	26025	26028	26031	26032	26033	
26038	26042	26049	26051	26052	26053	26053	26055	26056	26061	26065	26065	26066	26068	26070	26070	26071	26072	26074	26077	
26088	26095	26097	26102	26114	26118	26122	26125	26128	26130	26131	26131	26134	26135	26140	26146	26157	26164	26167	26168	
26169	26169	26173	26176	26179	26179	26180	26182	26182	26190	26200	26200	26204	26208	26209	26211	26213	26216	26216	26224	
26227	26232	26233	26241	26243	26246	26248	26248	26254	26256	26266	26269	26273	26276	26277	26278	26281	26285	26287	26292	
26293	26300	26302	26304	26305	26310	26319	26320	26325	26330	26339	26351	26357	26362	26371	26372	26372	26375	26384	26389	
26402	26415	26415	26417	26419	26420	26421	26422	26423	26431	26433	26436	26436	26438	26439	26442	26444	26452	26453	26454	
26456	26457	26459	26459	26463	26464	26467	26471	26472	26472	26476	26480	26485	26486	26489	26500	26500	26501	26502	26509	
26513	26514	26515	26522	26532	26532	26537	26546	26546	26550	26551	26553	26560	26565	26566	26570	26571	26575	26580	26580	
26581	26585	26585	26586	26593	26600	26602	26605	26611	26614	26615	26629	26630	26639	26640	26649	26653	26659	26662	26666	
26670	26678	26681	26684	26697	26702	26715	26715	26716	26720	26721	26722	26723	26729	26731	26735	26737	26737	26742	26744	
26744	26748	26748	26756	26758	26760	26762	26765	26766	26767	26768	26768	26771	26773	26779	26787	26790	26794	26797	26810	
26814	26818	26819	26821	26822	26824	26839	26840	26840	26844	26846	26846	26853	26855	26859	26862	26863	26864	26866	26867	
26871	26876	26881	26886	26887	26889	26894	26897	26905	26907	26910	26912	26912	26922	26922	26926	26932	26935	26935	26937	
26940	26942	26945	26945	26948	26952	26957	26957	26958	26962	26967	26985	26986	26990	26992	26994	26995	26995	26996	27003	
27004	27008	27010	27011	27013	27020	27020	27021	27021	27021	27023	27025	27026	27027	27040	27040	27043	27045	27046	27054	
27056	27060	27061	27061	27067	27070	27072	27077	27081	27086	27091	27096	27097	27099	27106	27107	27107	27108	27129	27129	
27129	27140	27143	27149	27155	27156	27157	27158	27163	27165	27165	27170	27171	27171	27172	27173	27175	27175	27176	27179	
27180	27185	27195	27197	27198	27204	27205	27208	27208	27212	27216	27225	27228	27229	27230	27243	27250	27252	27254	27256	
27266	27269	27270	27270	27278	27279	27281	27286	27287	27287	27288	27290	27291	27292	27299	27299	27300	27305	27310	27313	
27316	27317	27318	27323	27324	27325	27328	27329	27330	27331	27334	27334	27339	27339	27341	27343	27345	27352	27352	27354	
27359	27361	27362	27362	27363	27364	27365	27366	27372	27373	27377	27386	27390	27394	27397	27402	27403	27405	27406	27407	
27412	27417	27417	27418	27420	27423	27426	27427	27430	27435	27435	27437	27438	27447	27462	27463	27464	27465	27468	27468	
27470	27478	27482	27490	27491	27492	27496	27498	27499	27509	27513	27516	27517	27526	27530	27531	27535	27535	27538	27541	
27543	27548	27548	27554	27554	27563	27568	27572	27576	27576	27576	27577	27578	27580	27582	27583	27585	27585	27586	27587	
27591	27598	27606	27616	27619	27625	27633	27642	27644	27644	27647	27649	27651	27652	27653	27654	27656	27657	27658	27662	
27674	27675	27676	27687	27689	27705	27707	27712	27714	27716	27718	27720	27721	27721	27736	27737	27741	27743	27744	27744	
27748	27751	27751	27754	27754	27755	27757	27760	27761	27764	27766	27766	27767	27772	27778	27783	27783	27784	27784	27784	
27784	27797	27797	27808	27811	27812	27816	27817	27819	27824	27829	27830	27832	27832	27835	27836	27836	27838	27848	27851	
27856	27865	27865	27874	27880	27881	27883	27889	27891	27893	27894	27894	27895	27896	27899	27900	27900	27901	27907	27909	
27912	27912	27913	27921	27923	27924	27928	27930	27931	27935	27936	27941	27943	27944	27947	27947	27950	27960	27965	27971	
27973	27976	27977	27980	27981	27999	28002	28006	28008	28011	28013	28022	28025	28034	28034	28036	28039	28047	28048	28050	
28057	28059	28062	28072	28075	28077	28083	28086	28086	28088	28102	28115	28116	28119	28121	28122	28122	28123	28127	28134	
28136	28141	28142	28143	28149	28152	28153	28155	28157	28164	28167	28190	28196	28198	28199	28199	28202	28205	28206	28209	
28210	28211	28213	28219	28221	28222	28222	28228	28232	28233	28233	28236	28242	28242	28246	28247	28248	28254	28263	28263	
28266	28272	28275	28275	28282	28287	28288	28288	28288	28298	28300	28304	28309	28311	28323	28328	28331	28336	28352	28354	
28355	28368	28368	28376	28378	28378	28379	28381	28383	28399	28408	28411	28413	28415	28416	28416	28418	28423	28423	28425	
28426	28435	28440	28440	28440	28443	28443	28444	28446	28446	28447	28447	28452	28453	28456	28463	28468	28480	28483	28493	
28494	28494	28500	28502	28507	28510	28511	28525	28531	28531	28531	28532	28538	28541	28543	28550	28551	28552	28554	28555	
28564	28565	28568	28572	28573	28575	28578	28579	28588	28596	28600	28621	28624	28626	28640	28643	28646	28647	28648	28654	
28656	28656	28667	28673	28678	28680	28681	28682	28687	28687	28690	28690	28693	28695	28696	28706	28707	28707	28712	28718	
28724	28724	28725	28729	28731	28731	28732	28734	28734	28737	28741	28743	28751	28755	28769	28774	28776	28777	28778	28783	
28785	28796	28797	28799	28799	28808	28809	28819	28821	28824	28824	28833	28833	28837	28840	28842	28842	28843	28844	28846	
28851	28853	28855	28855	28858	28865	28870	28885	28885	28886	28888	28894	28897	28909	28915	28917	28921	28922	28922	28923	
28925	28926	28927	28931	28936	28939	28940	28941	28952	28953	28954	28965	28969	28978	28978	28979	28983	28984	28985	28987	
28990	28991	28991	28992	28993	29001	29013	29017	29025	29028	29032	29033	29037	29037	29037	29047	29054	29056	29060	29067	
29068	29068	29075	29078	29083	29084	29084	29085	29085	29094	29094	29096	29098	29099	29103	29109	29114	29117	29119	29122	
29122	29123	29129	29130	29132	29134	29136	29136	29144	29146	29147	29149	29150	29157	29157	29158	29160	29166	29167	29170	
29182	29187	29191	29192	29192	29193	29193	29198	29198	29199	29205	29207	29208	29210	29217	29217	29219	29219	29220	29235	
29238	29241	29243	29246	29248	29255	29258	29258	29262	29268	29270	29275	29277	29284	29292	29295	29296	29297	29298	29300	
29306	29310	29314	29314	29315	29321	29322	29326	29331	29335	29345	29353	29354	29359	29359	29363	29365	29366	29367	29374	
29377	29380	29384	29387	29390	29395	29403	29411	29411	29417	29418	29424	29433	29439	29442	29442	29443	29444	29451	29452	
29454	29457	29463	29468	29471	29471	29491	29493	29499	29499	29504	29506	29508	29510	29515	29518	29519	29522	29527	29528	
29529	29531	29533	29541	29541	29543	29543	29543	29544	29546	29547	29551	29555	29558	29559	29559	29559	29568	29569	29570	
29580	29582	29587	29589	29597	29597	29597	29602	29608	29611	29616	29619	29625	29625	29629	29634	29638	29640	29641	29645	
29648	29655	29668	29671	29673	29676	29678	29678	29682	29685	29691	29692	29697	29698	29699	29702	29704	29705	29708	29716	
29720	29722	29725	29726	29734	29751	29757	29759	29761	29762	29767	29774	29783	29789	29791	29794	29796	29799	29811	29817	
29817	29822	29825	29826	29829	29830	29834	29834	29838	29842	29844	29846	29849	29851	29852	29853	29859	29865	29872	29879	
29885	29889	29893	29903	29903	29904	29906	29908	29917	29918	29923	29930	29932	29934	29935	29936	29940	29942	29942	29948	
29949	29949	29950	29958	29971	29973	29974	29990	29992	29997	30003	30005	30006	30006	30007	30011	30013	30014	30015	30016	
30016	30017	30018	30020	30022	30027	30034	30037	30045	30047	30053	30053	30059	30065	30070	30071	30073	30074	30075	30075	
30083	30083	30085	30086	30089	30094	30098	30098	30099	30108	30109	30111	30121	30123	30124	30130	30131	30133	30136	30140	
30142	30145	30151	30159	30160	30160	30161	30167	30169	30169	30171	30172	30173	30184	30187	30191	30197	30205	30206	30207	
30212	30212	30214	30217	30223	30225	30233	30237	30240	30240	30241	30242	30247	30248	30249	30250	30255	30256	30260	30261	
30262	30262	30263	30270	30276	30276	30276	30278	30279	30285	30292	30292	30292	30295	30307	30308	30310	30314	30316	30321	
30322	30324	30330	30330	30331	30333	30336	30336	30340	30342	30344	30345	30345	30345	30347	30352	30357	30360	30360	30370	
30379	30380	30380	30381	30384	30391	30397	30405	30408	30410	30412	30416	30420	30421	30423	30428	30428	30436	30437	30444	
30445	30448	30450	30451	30451	30452	30454	30455	30455	30457	30465	30468	30473	30480	30482	30487	30497	30500	30500	30507	
30508	30511	30513	30518	30519	30520	30520	30523	30530	30535	30540	30546	30548	30557	30559	30560	30562	30564	30567	30574	
30582	30582	30588	30590	30591	30596	30606	30607	30610	30613	30618	30627	30629	30630	30633	30635	30641	30641	30642	30642	
30645	30647	30649	30650	30650	30651	30652	30653	30660	30662	30670	30674	30681	30682	30685	30689	30689	30691	30692	30696	
30697	30698	30699	30700	30702	30707	30712	30712	30714	30717	30718	30721	30724	30728	30731	30732	30741	30743	30749	30750	
30753	30758	30758	30763	30763	30764	30764	30764	30765	30765	30767	30769	30779	30782	30786	30790	30794	30795	30795	30798	
30799	30801	30805	30809	30809	30809	30813	30814	30815	30820	30827	30828	30830	30831	30833	30833	30837	30841	30850	30853	
30854	30854	30859	30865	30865	30867	30874	30876	30876	30881	30892	30895	30898	30899	30900	30900	30904	30912	30919	30921	
30924	30924	30928	30929	30930	30930	30932	30932	30937	30939	30943	30951	30952	30953	30954	30958	30964	30972	30979	30981	
30983	30985	30987	31001	31002	31005	31008	31011	31021	31030	31037	31037	31040	31042	31043	31050	31054	31055	31059	31060	
31064	31068	31070	31070	31075	31085	31087	31092	31096	31096	31103	31104	31107	31108	31110	31112	31114	31120	31129	31132	
31133	31134	31136	31141	31143	31158	31161	31162	31171	31177	31177	31180	31180	31181	31184	31187	31190	31196	31203	31211	
31221	31221	31223	31226	31229	31231	31240	31251	31265	31268	31270	31270	31270	31276	31278	31280	31282	31284	31287	31289	
31300	31311	31323	31328	31332	31334	31345	31347	31350	31355	31357	31361	31362	31366	31366	31366	31367	31370	31377	31383	
31389	31389	31392	31396	31400	31401	31406	31421	31421	31424	31425	31427	31432	31434	31435	31438	31441	31442	31444	31455	
31456	31457	31467	31469	31474	31477	31480	31481	31481	31483	31483	31483	31487	31496	31498	31503	31507	31513	31519	31531	
31532	31534	31538	31538	31539	31542	31543	31543	31557	31564	31564	31564	31564	31572	31573	31580	31581	31583	31585	31587	
31588	31588	31589	31590	31594	31595	31596	31596	31598	31600	31604	31606	31608	31611	31613	31615	31619	31624	31629	31631	
31640	31648	31650	31654	31656	31659	31661	31664	31665	31667	31671	31672	31677	31677	31682	31683	31685	31691	31692	31693	
31701	31703	31704	31707	31711	31713	31714	31715	31724	31727	31730	31735	31739	31739	31742	31744	31745	31745	31746	31746	
31748	31748	31750	31751	31756	31757	31757	31760	31761	31766	31771	31776	31778	31781	31781	31789	31796	31798	31801	31801	
31802	31807	31816	31819	31821	31825	31829	31830	31830	31838	31839	31839	31842	31842	31845	31850	31852	31852	31854	31855	
31856	31862	31866	31868	31869	31877	31884	31884	31890	31896	31897	31898	31898	31898	31902	31905	31905	31912	31914	31914	
31915	31919	31928	31929	31931	31934	31935	31935	31936	31937	31940	31943	31952	31960	31965	31966	31970	31971	31971	31972	
31973	31976	31977	31977	31985	31991	32012	32014	32017	32024	32026	32027	32028	32033	32046	32049	32056	32058	32060	32063	
32064	32066	32066	32068	32073	32074	32075	32079	32081	32089	32092	32094	32096	32098	32106	32109	32110	32111	32116	32120	
32124	32131	32135	32137	32137	32141	32145	32146	32149	32159	32163	32172	32179	32181	32181	32181	32182	32188	32189	32197	
32203	32204	32214	32217	32219	32222	32222	32228	32228	32230	32236	32238	32238	32247	32250	32253	32253	32257	32258	32259	
32260	32261	32264	32265	32266	32266	32276	32281	32284	32286	32288	32290	32294	32298	32298	32302	32303	32305	32308	32310	
32312	32315	32318	32320	32328	32332	32335	32336	32342	32344	32350	32352	32354	32355	32356	32358	32359	32369	32371	32371	
32375	32375	32383	32388	32400	32401	32401	32401	32415	32419	32422	32424	32429	32438	32442	32445	32447	32453	32458	32460	
32462	32464	32468	32469	32478	32478	32497	32500	32502	32509	32526	32538	32543	32545	32549	32550	32554	32558	32559	32561	
32566	32572	32572	32580	32587	32590	32592	32592	32600	32602	32603	32604	32608	32610	32615	32617	32621	32621	32622	32622	
32624	32624	32624	32626	32627	32629	32630	32637	32640	32648	32652	32653	32653	32659	32664	32665	32672	32677	32681	32689	
32694	32695	32700	32703	32704	32708	32714	32714	32714	32721	32721	32726	32728	32739	32740	32742	32747	32750	32754	32763	
