Time taken => 0.000000 sec 


25	25	29	32	38	42	44	48	51	61	62	68	68	81	95	96	117	117	118	118	
121	124	125	128	129	137	144	145	154	155	156	172	182	193	195	200	228	242	245	247	
250	251	261	263	273	285	287	295	304	310	317	322	338	339	357	362	375	382	382	384	
387	391	391	396	403	405	415	415	416	434	449	449	451	456	464	466	478	478	480	492	
504	514	516	516	519	524	532	543	562	564	565	571	574	575	587	593	593	596	596	601	
613	630	633	644	652	674	697	700	710	715	725	726	734	744	750	755	760	761	771	781	
790	792	797	813	816	822	825	825	828	831	839	844	851	854	854	855	857	862	866	879	
882	886	886	895	901	901	902	904	905	906	911	913	916	934	939	945	947	948	949	968	
969	969	975	994	994	998	1011	1012	1017	1024	1027	1037	1037	1041	1045	1047	1053	1074	1081	1096	
1105	1110	1110	1122	1134	1146	1150	1153	1164	1170	1172	1173	1183	1186	1192	1208	1210	1214	1214	1224	
1230	1241	1245	1252	1254	1256	1258	1264	1271	1277	1282	1286	1287	1290	1293	1299	1303	1305	1312	1315	
1323	1332	1346	1361	1377	1396	1398	1402	1418	1418	1424	1427	1431	1441	1450	1451	1466	1476	1483	1494	
1499	1502	1511	1516	1516	1529	1533	1538	1544	1556	1557	1583	1589	1592	1594	1595	1598	1607	1615	1621	
1622	1624	1627	1628	1628	1635	1636	1643	1643	1644	1647	1674	1690	1710	1718	1722	1728	1730	1735	1740	
1745	1746	1750	1751	1767	1768	1768	1769	1776	1782	1788	1792	1792	1820	1823	1829	1833	1833	1833	1834	
1840	1842	1851	1851	1857	1861	1868	1868	1873	1874	1883	1885	1894	1906	1911	1913	1925	1926	1928	1931	
1950	1950	1959	1962	1966	1968	1970	1971	1971	1982	1985	1995	2002	2003	2009	2010	2010	2014	2018	2038	
2038	2042	2060	2061	2073	2081	2085	2089	2103	2108	2116	2121	2122	2126	2129	2137	2153	2159	2161	2176	
2177	2178	2178	2179	2179	2193	2194	2197	2199	2204	2207	2210	2212	2214	2229	2230	2231	2235	2244	2251	
2253	2270	2275	2277	2284	2287	2291	2298	2326	2336	2337	2338	2346	2350	2350	2352	2356	2356	2361	2368	
2369	2372	2375	2381	2385	2390	2391	2392	2393	2400	2400	2401	2409	2409	2413	2418	2418	2420	2422	2431	
2433	2447	2455	2458	2459	2477	2481	2485	2485	2487	2493	2496	2500	2501	2504	2505	2506	2524	2524	2538	
2540	2543	2553	2554	2563	2569	2570	2574	2585	2588	2611	2618	2625	2633	2637	2637	2638	2643	2648	2667	
2684	2690	2709	2711	2717	2718	2719	2740	2754	2770	2778	2779	2780	2782	2796	2798	2800	2812	2826	2828	
2829	2836	2838	2839	2842	2845	2846	2846	2850	2858	2866	2867	2871	2872	2898	2912	2926	2936	2947	2950	
2952	2952	2955	2961	2967	2976	2983	2983	2985	2987	2993	2995	3006	3007	3014	3015	3036	3049	3055	3061	
3061	3073	3083	3088	3089	3106	3113	3120	3129	3135	3135	3143	3151	3154	3155	3163	3185	3224	3231	3232	
3234	3236	3246	3257	3306	3308	3315	3319	3336	3339	3362	3372	3372	3379	3379	3388	3392	3392	3395	3400	
3402	3403	3439	3446	3447	3451	3462	3472	3473	3477	3481	3487	3488	3493	3499	3499	3501	3507	3514	3522	
3533	3550	3566	3567	3568	3576	3599	3614	3619	3626	3647	3656	3664	3665	3668	3673	3674	3676	3677	3683	
3685	3709	3709	3711	3717	3719	3739	3744	3758	3758	3759	3763	3769	3777	3781	3783	3796	3798	3804	3811	
3814	3815	3815	3829	3832	3832	3844	3849	3850	3860	3865	3867	3868	3869	3870	3876	3892	3914	3919	3924	
3930	3931	3933	3934	3942	3958	3959	3960	3965	3971	3978	3983	3983	3984	3994	4000	4001	4006	4019	4021	
4021	4037	4040	4043	4055	4057	4060	4074	4086	4096	4104	4110	4119	4119	4123	4123	4128	4131	4142	4143	
4157	4169	4169	4169	4172	4176	4178	4181	4196	4204	4214	4217	4219	4222	4229	4232	4241	4243	4267	4277	
4301	4313	4315	4319	4324	4329	4341	4342	4343	4352	4354	4393	4395	4395	4405	4408	4422	4425	4439	4445	
4446	4447	4464	4483	4492	4496	4499	4501	4503	4510	4510	4511	4512	4523	4525	4537	4547	4549	4561	4564	
4570	4570	4585	4600	4602	4604	4606	4615	4627	4668	4672	4680	4711	4716	4717	4718	4719	4719	4719	4734	
4737	4738	4756	4759	4760	4762	4770	4774	4777	4778	4787	4793	4797	4811	4822	4822	4825	4855	4859	4864	
4864	4867	4867	4869	4869	4870	4874	4877	4880	4881	4881	4883	4890	4902	4902	4910	4919	4925	4930	4934	
4945	4947	4960	4975	4997	4998	4999	5005	5009	5014	5030	5031	5038	5050	5054	5057	5063	5066	5078	5085	
5094	5103	5104	5116	5116	5124	5125	5127	5137	5140	5153	5159	5168	5168	5176	5184	5195	5200	5201	5206	
5221	5228	5234	5235	5241	5244	5249	5258	5275	5275	5276	5282	5294	5304	5305	5308	5309	5313	5313	5346	
5346	5348	5349	5349	5365	5366	5373	5390	5394	5398	5400	5403	5406	5423	5433	5433	5443	5445	5446	5450	
5453	5457	5468	5476	5488	5490	5496	5506	5514	5517	5519	5522	5547	5551	5558	5561	5563	5564	5581	5597	
5603	5611	5611	5616	5626	5643	5645	5648	5648	5651	5662	5668	5671	5693	5695	5703	5714	5715	5722	5733	
5738	5750	5752	5752	5756	5772	5780	5787	5793	5803	5803	5805	5805	5823	5824	5826	5827	5829	5838	5846	
5850	5856	5874	5874	5891	5893	5910	5917	5919	5921	5928	5947	5947	5954	5955	5960	5961	5964	5972	5976	
5979	5983	5984	5987	5996	5997	5998	5999	6015	6017	6024	6050	6052	6058	6064	6073	6079	6100	6103	6111	
6131	6137	6141	6146	6158	6166	6168	6177	6182	6186	6193	6201	6207	6220	6224	6236	6243	6251	6253	6267	
6279	6281	6292	6293	6297	6298	6302	6303	6309	6317	6322	6328	6336	6339	6342	6346	6351	6352	6357	6362	
6365	6365	6368	6375	6376	6391	6408	6409	6419	6427	6433	6443	6443	6443	6446	6450	6452	6454	6494	6496	
6499	6502	6505	6505	6524	6524	6528	6533	6536	6545	6546	6551	6553	6553	6557	6565	6567	6571	6584	6615	
6621	6624	6626	6634	6639	6653	6660	6663	6679	6682	6683	6691	6698	6698	6701	6717	6724	6740	6744	6745	
6752	6756	6757	6760	6790	6796	6800	6801	6806	6816	6838	6839	6844	6848	6860	6864	6865	6866	6867	6867	
6890	6896	6903	6916	6936	6953	6956	6959	6961	6966	6969	6981	6984	6990	6992	6994	7007	7009	7010	7024	
7026	7037	7041	7042	7045	7052	7053	7053	7055	7058	7059	7060	7075	7084	7093	7126	7128	7128	7134	7154	
7157	7161	7162	7162	7168	7182	7186	7191	7206	7209	7214	7228	7242	7243	7247	7247	7252	7253	7256	7265	
7277	7282	7301	7307	7308	7313	7316	7324	7327	7342	7347	7351	7375	7377	7379	7381	7382	7385	7387	7390	
7394	7401	7404	7406	7408	7414	7431	7438	7439	7460	7460	7463	7469	7474	7476	7476	7493	7503	7505	7507	
7518	7518	7522	7524	7524	7532	7535	7538	7541	7545	7562	7583	7584	7591	7594	7601	7606	7630	7637	7637	
7645	7651	7652	7652	7664	7669	7677	7678	7698	7701	7719	7722	7725	7728	7740	7741	7744	7750	7772	7772	
7776	7777	7784	7791	7792	7799	7800	7804	7812	7813	7814	7814	7818	7821	7831	7858	7862	7864	7867	7872	
7872	7875	7878	7886	7887	7899	7913	7920	7922	7924	7928	7937	7938	7940	7945	7955	7966	7970	7974	7981	
7985	7985	7988	7991	7993	8016	8018	8019	8026	8037	8037	8043	8047	8053	8054	8058	8067	8069	8075	8077	
8081	8098	8101	8103	8123	8125	8127	8131	8133	8144	8149	8152	8159	8161	8164	8166	8191	8192	8216	8217	
8236	8247	8253	8256	8257	8260	8262	8267	8273	8281	8286	8293	8301	8309	8318	8319	8323	8333	8333	8336	
8341	8347	8350	8357	8359	8377	8381	8383	8391	8403	8403	8412	8417	8439	8448	8451	8454	8456	8458	8468	
8468	8469	8470	8471	8473	8477	8478	8494	8496	8503	8509	8512	8517	8526	8530	8533	8543	8544	8547	8549	
8553	8556	8568	8573	8580	8599	8610	8615	8624	8626	8638	8643	8650	8651	8660	8660	8662	8668	8683	8691	
8693	8694	8717	8719	8740	8750	8757	8764	8778	8786	8791	8793	8798	8810	8828	8829	8840	8840	8849	8856	
8865	8867	8873	8887	8900	8902	8923	8927	8929	8931	8933	8939	8941	8950	8953	8958	8964	8970	8972	8972	
8979	8988	8990	8992	9002	9014	9018	9039	9044	9053	9068	9069	9073	9079	9082	9103	9109	9110	9111	9137	
9138	9141	9142	9145	9145	9147	9150	9150	9151	9158	9177	9183	9193	9193	9202	9215	9220	9222	9236	9236	
9238	9248	9256	9257	9260	9285	9292	9310	9324	9328	9337	9343	9344	9348	9349	9349	9352	9354	9354	9366	
9399	9407	9412	9438	9451	9453	9457	9465	9465	9469	9478	9488	9488	9489	9492	9498	9513	9516	9527	9528	
9533	9538	9543	9561	9580	9587	9592	9595	9599	9607	9614	9618	9619	9621	9640	9641	9647	9650	9654	9654	
9658	9675	9677	9678	9683	9692	9692	9693	9702	9703	9709	9710	9717	9719	9726	9731	9736	9741	9742	9749	
9758	9768	9771	9778	9780	9782	9783	9786	9801	9811	9815	9817	9824	9828	9832	9839	9859	9862	9862	9873	
9889	9890	9895	9901	9916	9919	9939	9939	9943	9947	9953	9963	9966	9968	9970	9972	9972	9974	9982	9985	
9986	9989	9992	10006	10011	10022	10024	10028	10031	10038	10046	10056	10059	10059	10064	10071	10073	10105	10105	10114	
10118	10120	10121	10126	10136	10137	10146	10160	10166	10169	10172	10178	10191	10193	10199	10207	10209	10213	10219	10238	
10240	10245	10269	10270	10270	10270	10272	10273	10287	10304	10313	10314	10319	10330	10334	10344	10349	10351	10380	10401	
10410	10411	10413	10419	10419	10423	10431	10452	10462	10477	10479	10499	10503	10518	10528	10543	10547	10559	10561	10573	
10578	10587	10587	10593	10599	10604	10612	10615	10623	10651	10667	10673	10678	10703	10704	10734	10757	10769	10769	10770	
10780	10781	10799	10806	10812	10812	10817	10817	10820	10824	10844	10846	10867	10875	10882	10893	10906	10907	10918	10934	
10943	10945	10946	10949	10956	10969	10969	10979	10987	11001	11002	11002	11005	11008	11012	11023	11026	11027	11028	11036	
11044	11057	11062	11063	11071	11071	11076	11080	11084	11086	11087	11092	11097	11100	11104	11114	11119	11120	11128	11158	
11162	11166	11169	11178	11179	11180	11188	11201	11201	11206	11206	11212	11216	11217	11222	11223	11225	11229	11233	11235	
11237	11244	11265	11265	11289	11296	11298	11306	11311	11320	11338	11341	11344	11347	11360	11361	11368	11371	11375	11379	
11384	11394	11398	11401	11401	11404	11410	11412	11427	11442	11459	11459	11460	11464	11465	11471	11477	11488	11497	11503	
11522	11523	11525	11533	11544	11546	11555	11562	11571	11571	11577	11578	11597	11599	11607	11610	11641	11642	11646	11666	
11667	11685	11700	11722	11724	11729	11746	11761	11764	11771	11775	11775	11781	11794	11802	11803	11804	11805	11807	11813	
11816	11821	11823	11830	11842	11849	11859	11864	11876	11878	11880	11897	11917	11918	11919	11922	11924	11926	11926	11927	
11930	11930	11939	11945	11955	11957	11971	11974	12010	12020	12023	12024	12024	12027	12028	12036	12040	12050	12064	12069	
12083	12085	12092	12095	12095	12096	12103	12107	12119	12125	12149	12150	12162	12167	12173	12174	12176	12182	12186	12194	
12208	12227	12228	12233	12240	12240	12241	12241	12241	12256	12256	12260	12266	12267	12277	12278	12280	12282	12290	12303	
12312	12321	12324	12333	12338	12343	12350	12351	12358	12368	12370	12371	12373	12383	12383	12384	12390	12390	12391	12398	
12408	12415	12416	12426	12432	12433	12434	12435	12436	12444	12446	12449	12468	12474	12481	12490	12493	12494	12500	12509	
12513	12515	12534	12553	12553	12559	12561	12561	12564	12567	12572	12579	12602	12605	12607	12621	12631	12634	12643	12644	
12645	12648	12648	12667	12676	12684	12685	12692	12697	12708	12710	12710	12725	12733	12734	12739	12740	12761	12763	12774	
12789	12793	12798	12799	12804	12808	12820	12830	12831	12836	12848	12848	12854	12858	12858	12864	12907	12915	12923	12925	
12929	12947	12966	12976	12999	13005	13026	13032	13075	13080	13081	13082	13086	13088	13090	13094	13096	13097	13100	13105	
13129	13136	13164	13178	13187	13188	13194	13198	13200	13204	13205	13206	13207	13210	13223	13240	13240	13242	13248	13256	
13259	13263	13264	13267	13283	13287	13301	13307	13308	13309	13338	13338	13350	13352	13353	13359	13366	13385	13389	13390	
13395	13395	13398	13402	13404	13407	13408	13409	13419	13425	13432	13443	13444	13447	13452	13461	13462	13467	13471	13478	
13485	13485	13486	13491	13497	13498	13500	13520	13525	13528	13533	13538	13555	13582	13585	13588	13588	13596	13609	13611	
13616	13630	13633	13633	13640	13651	13659	13661	13680	13684	13687	13690	13691	13692	13701	13705	13709	13717	13719	13729	
13730	13732	13740	13741	13746	13762	13765	13782	13782	13784	13788	13798	13809	13810	13820	13822	13828	13843	13848	13851	
13863	13864	13867	13869	13872	13872	13872	13878	13882	13893	13893	13910	13912	13923	13924	13937	13938	13946	13948	13976	
13981	13995	14017	14030	14035	14036	14036	14042	14052	14053	14055	14060	14071	14072	14076	14081	14090	14091	14099	14103	
14114	14115	14138	14143	14147	14147	14153	14155	14155	14159	14190	14196	14206	14213	14216	14225	14227	14230	14231	14233	
14233	14234	14241	14243	14247	14263	14288	14293	14296	14312	14320	14324	14325	14326	14327	14338	14338	14340	14349	14351	
14356	14357	14358	14358	14372	14385	14396	14400	14402	14403	14403	14404	14408	14409	14410	14428	14435	14437	14438	14438	
14449	14466	14468	14477	14479	14481	14483	14498	14511	14515	14516	14518	14535	14548	14567	14577	14582	14592	14601	14604	
14605	14605	14607	14608	14611	14614	14615	14619	14620	14623	14624	14630	14631	14647	14657	14658	14669	14673	14678	14681	
14688	14699	14708	14713	14727	14731	14737	14740	14761	14772	14776	14781	14784	14794	14796	14802	14819	14826	14831	14845	
14847	14848	14849	14855	14858	14868	14870	14871	14872	14880	14881	14885	14885	14886	14888	14891	14908	14910	14911	14925	
14931	14954	14965	14978	14989	15001	15009	15010	15012	15022	15028	15031	15034	15036	15047	15065	15068	15070	15074	15080	
15092	15100	15100	15110	15111	15114	15139	15141	15144	15144	15148	15158	15166	15169	15173	15185	15202	15209	15209	15216	
15242	15250	15261	15262	15269	15274	15284	15289	15292	15293	15316	15347	15350	15352	15354	15360	15366	15381	15382	15384	
15393	15402	15403	15407	15417	15422	15431	15446	15446	15447	15461	15473	15479	15480	15481	15486	15491	15493	15494	15505	
15517	15522	15529	15531	15551	15554	15555	15557	15568	15570	15580	15583	15588	15602	15605	15620	15623	15624	15629	15635	
15643	15646	15669	15675	15679	15684	15694	15702	15710	15710	15724	15725	15732	15732	15733	15736	15740	15744	15745	15753	
15758	15789	15797	15797	15811	15850	15857	15862	15862	15869	15870	15870	15871	15873	15889	15900	15919	15921	15922	15929	
15935	15941	15946	15947	15952	15956	15969	16005	16015	16019	16029	16048	16050	16057	16059	16066	16067	16070	16076	16077	
16086	16086	16113	16116	16121	16134	16141	16142	16143	16163	16177	16180	16184	16186	16206	16214	16221	16222	16224	16226	
16228	16230	16241	16247	16277	16281	16281	16292	16295	16303	16317	16339	16339	16339	16351	16351	16353	16369	16379	16391	
16396	16423	16424	16430	16432	16436	16445	16455	16457	16458	16462	16480	16496	16507	16511	16522	16523	16536	16540	16565	
16572	16578	16583	16587	16587	16594	16598	16603	16616	16617	16618	16620	16621	16630	16641	16645	16648	16658	16707	16716	
16724	16728	16739	16754	16754	16755	16784	16788	16797	16798	16800	16809	16811	16812	16821	16821	16835	16838	16840	16846	
16846	16848	16859	16866	16867	16874	16877	16914	16921	16922	16936	16941	16955	16956	16957	16962	16965	16966	16971	16971	
16974	16976	16984	16988	16991	17005	17017	17018	17023	17023	17052	17058	17076	17084	17090	17093	17103	17104	17107	17114	
17120	17121	17141	17171	17178	17186	17198	17200	17201	17207	17209	17215	17222	17226	17227	17236	17240	17243	17245	17249	
17250	17252	17255	17257	17260	17278	17292	17300	17318	17318	17321	17323	17337	17340	17341	17352	17357	17367	17377	17377	
17383	17384	17386	17393	17395	17409	17409	17409	17411	17413	17413	17423	17424	17434	17437	17448	17459	17464	17474	17475	
17479	17479	17486	17487	17488	17502	17513	17525	17533	17534	17535	17537	17539	17557	17560	17560	17569	17582	17588	17593	
17596	17611	17618	17620	17625	17628	17638	17638	17644	17646	17648	17659	17662	17663	17681	17705	17709	17713	17740	17740	
17753	17766	17768	17769	17769	17779	17809	17816	17828	17835	17835	17852	17864	17864	17865	17865	17867	17871	17879	17883	
17887	17893	17894	17906	17917	17919	17938	17944	17948	17950	17951	17953	17953	17958	17960	17963	17968	17980	17996	17997	
18002	18034	18055	18056	18058	18087	18101	18104	18109	18115	18116	18123	18124	18127	18127	18129	18147	18150	18170	18174	
18177	18182	18183	18193	18193	18198	18225	18230	18232	18240	18247	18251	18256	18269	18270	18278	18307	18311	18313	18319	
18324	18327	18338	18347	18360	18363	18368	18373	18375	18382	18396	18400	18402	18404	18407	18407	18413	18433	18435	18449	
18451	18457	18460	18468	18468	18471	18472	18480	18482	18508	18515	18517	18526	18535	18537	18537	18541	18543	18546	18557	
18563	18579	18583	18584	18585	18592	18602	18609	18614	18615	18616	18623	18628	18631	18640	18656	18663	18665	18668	18671	
18671	18676	18680	18684	18686	18692	18701	18705	18722	18727	18737	18741	18744	18747	18751	18753	18753	18755	18772	18787	
18796	18798	18811	18813	18826	18828	18842	18846	18851	18851	18854	18857	18861	18879	18899	18909	18911	18921	18933	18962	
18962	18974	18985	18986	19019	19023	19027	19034	19057	19059	19061	19067	19072	19077	19078	19087	19091	19097	19104	19115	
19116	19133	19151	19152	19172	19173	19174	19174	19194	19198	19204	19220	19223	19253	19275	19284	19296	19306	19315	19320	
19321	19330	19331	19332	19346	19351	19353	19353	19357	19357	19364	19370	19374	19376	19379	19382	19386	19387	19396	19401	
19418	19419	19427	19428	19431	19438	19441	19442	19442	19451	19451	19451	19452	19453	19458	19458	19461	19464	19468	19490	
19498	19499	19503	19522	19525	19528	19536	19553	19556	19556	19571	19580	19614	19618	19623	19644	19647	19650	19672	19676	
19684	19684	19695	19695	19715	19717	19720	19727	19729	19742	19753	19754	19766	19774	19783	19784	19790	19800	19801	19813	
19834	19837	19840	19843	19847	19849	19851	19858	19862	19864	19894	19900	19905	19910	19925	19927	19927	19930	19935	19950	
19956	19960	19966	19993	19995	20008	20014	20020	20029	20055	20059	20060	20073	20075	20081	20083	20091	20093	20093	20093	
20119	20132	20133	20133	20171	20177	20183	20192	20197	20204	20205	20210	20211	20225	20230	20241	20243	20246	20250	20251	
20257	20266	20272	20305	20314	20314	20322	20324	20331	20344	20348	20351	20362	20387	20388	20391	20399	20403	20404	20411	
20413	20450	20459	20469	20483	20502	20505	20520	20522	20537	20541	20542	20543	20553	20563	20576	20582	20586	20590	20592	
20594	20597	20605	20619	20630	20648	20652	20675	20678	20682	20688	20700	20703	20703	20706	20713	20722	20726	20735	20753	
20759	20760	20766	20766	20774	20779	20790	20792	20806	20807	20815	20816	20827	20833	20844	20847	20859	20859	20865	20866	
20876	20879	20886	20894	20913	20914	20914	20917	20920	20929	20929	20938	20938	20940	20941	20976	20978	20979	20988	20989	
21000	21010	21011	21011	21022	21025	21030	21031	21044	21057	21064	21070	21072	21082	21084	21086	21088	21094	21100	21115	
21116	21122	21125	21130	21130	21143	21150	21157	21165	21171	21173	21175	21199	21211	21221	21223	21223	21224	21228	21228	
21230	21231	21235	21246	21259	21261	21266	21269	21270	21284	21286	21290	21320	21321	21322	21331	21334	21345	21359	21360	
21365	21368	21376	21381	21387	21410	21410	21411	21423	21441	21442	21448	21453	21454	21459	21462	21463	21466	21469	21470	
21472	21503	21509	21516	21522	21536	21540	21551	21566	21569	21573	21591	21592	21615	21623	21629	21633	21639	21647	21656	
21658	21671	21675	21678	21694	21704	21707	21709	21712	21715	21720	21741	21745	21748	21749	21749	21752	21770	21779	21780	
21795	21797	21797	21798	21804	21813	21813	21813	21818	21822	21825	21828	21837	21845	21849	21850	21856	21859	21860	21860	
21863	21867	21883	21885	21897	21898	21903	21908	21912	21918	21921	21923	21962	21980	21991	22002	22006	22009	22012	22016	
22031	22057	22066	22068	22071	22074	22079	22093	22106	22124	22137	22139	22142	22167	22170	22195	22198	22198	22200	22204	
22222	22224	22229	22229	22231	22231	22244	22249	22253	22265	22266	22269	22272	22272	22282	22292	22300	22313	22329	22332	
22340	22346	22357	22370	22372	22391	22398	22407	22412	22423	22429	22438	22445	22450	22458	22462	22471	22491	22510	22517	
22527	22530	22534	22536	22540	22542	22578	22581	22586	22601	22608	22612	22615	22622	22623	22628	22641	22649	22654	22655	
22670	22677	22681	22683	22700	22707	22717	22718	22722	22722	22729	22741	22752	22756	22759	22775	22780	22780	22780	22786	
22786	22796	22797	22800	22802	22810	22813	22817	22819	22819	22820	22831	22832	22836	22840	22849	22854	22859	22866	22870	
22872	22874	22875	22887	22888	22891	22911	22913	22914	22917	22921	22924	22937	22938	22943	22950	22962	22964	22964	22983	
22983	22990	23009	23014	23016	23025	23035	23056	23059	23079	23090	23102	23109	23121	23136	23144	23159	23159	23164	23172	
23195	23197	23203	23205	23219	23263	23279	23288	23306	23310	23311	23312	23314	23318	23320	23321	23329	23332	23333	23334	
23365	23372	23373	23375	23390	23391	23397	23402	23411	23421	23430	23432	23438	23451	23457	23466	23471	23472	23473	23476	
23483	23484	23486	23487	23492	23492	23494	23498	23519	23532	23557	23561	23567	23570	23571	23580	23593	23606	23606	23614	
23625	23634	23636	23642	23648	23652	23673	23680	23692	23693	23693	23706	23710	23711	23712	23717	23725	23742	23744	23750	
23751	23752	23765	23777	23778	23790	23793	23794	23800	23802	23802	23807	23820	23822	23829	23829	23829	23837	23840	23844	
23846	23882	23885	23887	23890	23890	23890	23902	23903	23906	23922	23922	23928	23929	23935	23935	23944	23954	23955	23964	
23978	23987	23989	23999	24000	24003	24006	24006	24017	24032	24042	24043	24048	24066	24068	24068	24075	24076	24078	24104	
24107	24121	24122	24131	24154	24154	24159	24173	24173	24183	24199	24201	24201	24202	24213	24213	24214	24218	24229	24229	
24241	24244	24244	24249	24249	24256	24259	24260	24262	24268	24273	24279	24292	24302	24303	24305	24323	24335	24363	24364	
24367	24379	24379	24434	24439	24449	24456	24462	24480	24488	24499	24502	24503	24508	24514	24518	24519	24524	24532	24544	
24547	24549	24550	24557	24557	24567	24574	24589	24590	24595	24604	24606	24614	24616	24626	24629	24632	24646	24647	24660	
24660	24670	24671	24673	24674	24675	24683	24686	24693	24695	24696	24706	24707	24709	24711	24717	24717	24728	24744	24748	
24756	24758	24764	24768	24784	24787	24796	24798	24806	24810	24812	24812	24824	24850	24850	24867	24870	24875	24878	24878	
24903	24904	24905	24908	24913	24919	24922	24928	24929	24930	24933	24939	24948	24950	24956	24969	24969	24970	24978	24979	
24980	24996	24997	25008	25010	25011	25014	25018	25035	25040	25044	25046	25051	25065	25068	25081	25086	25092	25095	25099	
25100	25105	25105	25107	25113	25120	25120	25123	25134	25148	25150	25158	25170	25171	25177	25188	25196	25197	25205	25206	
25208	25219	25244	25246	25252	25255	25269	25275	25286	25286	25290	25292	25296	25296	25307	25332	25333	25339	25341	25349	
25356	25358	25371	25374	25377	25382	25386	25391	25397	25399	25403	25404	25417	25423	25424	25445	25446	25457	25462	25471	
25480	25482	25486	25491	25501	25514	25514	25519	25530	25535	25539	25545	25551	25560	25565	25573	25584	25589	25608	25645	
25650	25678	25684	25691	25694	25697	25698	25713	25736	25744	25761	25763	25780	25782	25784	25788	25794	25794	25806	25808	
25811	25816	25823	25827	25829	25836	25838	25849	25853	25856	25857	25857	25874	25877	25877	25885	25890	25892	25894	25905	
25907	25913	25916	25926	25938	25941	25943	25960	25975	25978	26024	26042	26046	26048	26054	26055	26062	26066	26071	26074	
26075	26078	26078	26081	26087	26117	26126	26132	26143	26161	26177	26184	26186	26189	26208	26208	26209	26216	26221	26226	
26230	26253	26257	26267	26270	26281	26284	26286	26298	26303	26310	26327	26339	26348	26357	26364	26382	26384	26387	26390	
26397	26423	26427	26450	26451	26454	26458	26462	26471	26473	26474	26492	26501	26507	26516	26521	26528	26534	26540	26548	
26560	26566	26568	26569	26570	26570	26577	26578	26583	26599	26600	26605	26616	26621	26634	26637	26639	26642	26651	26656	
26657	26658	26660	26662	26663	26665	26672	26677	26684	26685	26687	26688	26694	26694	26696	26698	26704	26712	26714	26717	
26719	26728	26733	26733	26735	26736	26739	26740	26745	26749	26754	26765	26778	26778	26780	26783	26786	26798	26798	26803	
26804	26805	26806	26808	26811	26816	26818	26824	26828	26830	26838	26839	26844	26853	26866	26901	26910	26932	26936	26938	
26947	26950	26961	26965	26967	26968	26984	26987	27002	27004	27014	27016	27028	27029	27034	27040	27047	27073	27099	27105	
27117	27119	27120	27124	27135	27142	27144	27146	27147	27178	27180	27192	27202	27215	27226	27236	27252	27256	27264	27280	
27280	27285	27289	27292	27296	27297	27298	27303	27303	27312	27329	27332	27334	27335	27339	27352	27363	27366	27374	27375	
27379	27394	27396	27399	27404	27414	27417	27418	27421	27424	27425	27429	27436	27462	27474	27483	27484	27484	27484	27509	
27538	27539	27541	27542	27563	27573	27573	27579	27582	27584	27592	27594	27600	27606	27618	27619	27625	27631	27650	27652	
27662	27664	27665	27666	27669	27675	27683	27690	27698	27699	27711	27719	27721	27729	27729	27730	27738	27750	27753	27753	
27755	27755	27771	27777	27788	27791	27791	27794	27797	27801	27806	27810	27818	27818	27824	27850	27862	27869	27885	27885	
27901	27903	27908	27914	27915	27920	27921	27948	27951	27953	27953	27961	27986	27992	27993	27999	27999	28004	28004	28016	
28027	28037	28045	28047	28047	28048	28058	28061	28062	28063	28065	28080	28080	28082	28083	28093	28093	28098	28102	28110	
28137	28142	28146	28147	28162	28168	28169	28175	28179	28179	28191	28203	28205	28213	28226	28226	28238	28252	28258	28286	
28289	28295	28300	28306	28314	28320	28327	28334	28352	28356	28357	28368	28375	28379	28388	28393	28410	28410	28412	28413	
28416	28416	28421	28437	28439	28441	28463	28467	28469	28478	28480	28500	28501	28518	28519	28531	28541	28546	28547	28547	
28559	28562	28575	28575	28580	28581	28582	28583	28591	28593	28594	28609	28615	28619	28633	28635	28636	28655	28657	28659	
28663	28668	28676	28689	28690	28693	28693	28696	28727	28733	28749	28753	28760	28769	28777	28782	28783	28785	28788	28798	
28810	28819	28820	28822	28829	28834	28841	28852	28864	28874	28882	28889	28892	28894	28900	28900	28905	28914	28914	28921	
28939	28941	28956	28966	28972	28972	28987	28990	29004	29008	29011	29012	29030	29033	29035	29039	29039	29042	29046	29050	
29053	29058	29058	29064	29065	29080	29081	29118	29125	29132	29142	29143	29150	29168	29176	29211	29220	29228	29231	29232	
29234	29236	29248	29273	29273	29276	29277	29281	29285	29289	29300	29304	29304	29316	29325	29331	29332	29337	29341	29358	
29361	29362	29370	29376	29379	29385	29387	29387	29397	29401	29406	29407	29408	29432	29433	29466	29478	29487	29497	29499	
29508	29528	29536	29548	29558	29560	29564	29568	29575	29582	29585	29586	29588	29589	29597	29609	29612	29630	29638	29647	
29658	29672	29674	29677	29678	29679	29682	29688	29689	29691	29696	29713	29714	29717	29718	29729	29754	29754	29770	29780	
29792	29797	29807	29819	29822	29823	29854	29857	29859	29866	29866	29875	29893	29895	29896	29916	29920	29923	29926	29926	
29928	29941	29962	29993	30007	30011	30014	30014	30024	30026	30029	30056	30056	30066	30067	30068	30074	30075	30086	30087	
30102	30105	30112	30113	30118	30120	30128	30136	30139	30164	30170	30175	30177	30193	30199	30211	30213	30221	30223	30241	
30243	30253	30261	30270	30274	30282	30287	30290	30292	30305	30309	30318	30329	30341	30352	30355	30356	30362	30370	30373	
30389	30393	30395	30413	30414	30439	30445	30454	30455	30468	30469	30471	30476	30486	30487	30487	30500	30505	30505	30508	
30518	30528	30529	30531	30537	30541	30548	30551	30552	30562	30585	30592	30615	30618	30623	30629	30633	30652	30654	30655	
30656	30667	30679	30680	30698	30703	30704	30714	30724	30726	30731	30743	30745	30756	30761	30772	30772	30772	30777	30795	
30803	30805	30813	30834	30837	30845	30848	30850	30854	30855	30862	30866	30869	30879	30890	30890	30901	30901	30906	30911	
30912	30934	30937	30941	30947	30950	30957	30960	30961	30961	30961	30981	30984	30997	31005	31012	31015	31022	31025	31028	
31031	31037	31038	31038	31054	31055	31071	31074	31084	31085	31085	31098	31107	31110	31117	31122	31134	31137	31140	31143	
31145	31150	31150	31159	31164	31166	31181	31184	31184	31188	31190	31205	31233	31235	31256	31261	31268	31278	31280	31283	
31305	31307	31313	31318	31326	31342	31344	31367	31372	31380	31387	31388	31393	31410	31410	31413	31414	31418	31428	31430	
31437	31437	31437	31440	31450	31457	31458	31472	31475	31482	31482	31493	31495	31498	31501	31516	31524	31531	31534	31538	
31541	31543	31547	31572	31589	31590	31590	31591	31596	31604	31609	31634	31636	31637	31638	31641	31641	31644	31645	31648	
31648	31649	31652	31653	31657	31667	31672	31673	31683	31685	31688	31694	31702	31702	31708	31711	31721	31722	31728	31736	
31738	31745	31746	31753	31756	31767	31768	31770	31774	31778	31818	31833	31834	31837	31842	31843	31845	31846	31853	31856	
31865	31867	31870	31871	31872	31880	31886	31891	31894	31896	31900	31901	31901	31901	31916	31921	31921	31924	31929	31932	
31934	31948	31955	31957	31959	31960	31966	31968	31968	31981	31993	31997	32013	32014	32014	32019	32026	32032	32046	32054	
32058	32058	32068	32089	32099	32107	32131	32151	32158	32165	32166	32187	32194	32201	32204	32227	32229	32247	32264	32266	
32273	32285	32287	32295	32295	32300	32302	32313	32314	32315	32330	32332	32333	32333	32346	32347	32348	32354	32359	32369	
32374	32384	32410	32417	32432	32433	32436	32449	32457	32467	32470	32478	32485	32486	32492	32496	32507	32508	32511	32515	
32519	32519	32526	32531	32534	32538	32542	32549	32555	32562	32563	32572	32584	32594	32597	32602	32603	32604	32605	32609	
32610	32612	32624	32629	32629	32632	32637	32637	32644	32646	32648	32660	32679	32703	32707	32710	32715	32720	32733	32742	
