Time taken => 0.398000 sec 


8	9	11	12	15	20	21	22	24	26	27	28	32	33	37	38	40	40	45	50	
54	56	59	60	63	63	66	68	68	71	73	76	78	79	82	87	87	92	95	99	
104	115	116	116	116	121	126	128	132	138	139	145	154	158	160	164	165	167	170	172	
174	174	175	176	176	177	178	183	185	188	191	193	195	196	197	198	199	228	229	231	
234	235	243	246	252	254	255	259	260	270	271	275	283	283	284	284	285	285	296	298	
300	306	306	313	315	318	318	320	323	323	325	329	332	334	335	336	342	342	361	362	
362	364	366	367	371	375	377	379	379	382	382	387	388	389	389	393	398	404	405	410	
421	421	429	430	438	440	444	446	451	456	457	467	472	476	479	481	484	485	491	493	
493	497	501	502	503	504	507	511	513	522	524	530	531	536	537	538	544	559	570	572	
580	581	583	584	586	588	595	598	607	610	612	613	614	624	625	628	628	631	632	639	
640	641	646	648	654	655	656	658	664	665	672	678	679	680	681	682	683	685	688	693	
696	700	702	709	712	715	718	726	732	732	734	737	739	742	744	746	753	754	757	767	
768	770	771	782	792	801	802	802	806	809	809	809	814	816	821	821	830	839	842	844	
844	847	848	854	858	859	860	866	872	872	878	885	885	887	888	896	896	898	901	904	
904	905	906	913	914	919	927	931	933	938	942	945	945	947	947	966	971	981	983	987	
989	993	1000	1000	1001	1003	1005	1006	1009	1011	1011	1015	1023	1026	1027	1027	1027	1028	1029	1031	
1035	1036	1039	1045	1047	1047	1049	1056	1056	1057	1061	1063	1066	1070	1072	1072	1081	1084	1084	1089	
1089	1091	1091	1093	1098	1100	1110	1122	1124	1126	1142	1143	1147	1150	1151	1154	1156	1164	1189	1190	
1191	1196	1204	1204	1220	1220	1221	1226	1226	1231	1233	1234	1237	1238	1239	1240	1240	1244	1244	1249	
1249	1249	1254	1263	1263	1264	1266	1269	1271	1271	1273	1274	1275	1276	1276	1278	1298	1304	1305	1306	
1311	1312	1315	1318	1322	1323	1330	1331	1331	1335	1339	1343	1343	1344	1345	1345	1346	1354	1359	1359	
1359	1360	1368	1384	1387	1395	1398	1400	1407	1410	1413	1414	1415	1417	1417	1418	1423	1425	1426	1440	
1441	1445	1447	1448	1457	1463	1469	1469	1472	1477	1479	1489	1489	1492	1492	1493	1494	1497	1504	1506	
1507	1512	1516	1532	1542	1543	1545	1546	1547	1547	1554	1556	1556	1557	1562	1562	1564	1566	1566	1574	
1576	1577	1580	1581	1589	1594	1596	1600	1606	1611	1617	1617	1620	1624	1633	1639	1648	1652	1653	1653	
1672	1673	1676	1680	1685	1685	1687	1691	1691	1694	1706	1713	1717	1717	1719	1720	1729	1732	1733	1735	
1744	1744	1745	1750	1751	1751	1752	1753	1757	1759	1759	1762	1762	1765	1774	1774	1776	1777	1784	1790	
1796	1797	1801	1802	1804	1809	1810	1813	1815	1819	1827	1829	1829	1834	1838	1838	1843	1854	1855	1855	
1858	1859	1860	1867	1870	1871	1872	1873	1873	1873	1879	1882	1883	1884	1884	1888	1902	1903	1911	1912	
1912	1913	1915	1917	1923	1925	1928	1932	1937	1942	1947	1948	1948	1950	1953	1962	1965	1971	1972	1973	
1979	1982	1986	1988	1988	1992	1995	1996	1997	1998	1999	2007	2008	2009	2014	2016	2024	2025	2031	2032	
2034	2036	2039	2049	2059	2066	2067	2067	2067	2069	2072	2074	2076	2082	2085	2091	2095	2097	2098	2100	
2101	2101	2101	2104	2105	2108	2129	2130	2133	2140	2140	2140	2141	2142	2147	2151	2159	2160	2166	2167	
2168	2168	2170	2172	2177	2180	2182	2192	2192	2196	2197	2200	2211	2213	2215	2215	2220	2230	2230	2233	
2239	2242	2242	2244	2245	2248	2249	2253	2260	2263	2269	2270	2271	2273	2278	2279	2283	2283	2285	2287	
2305	2307	2314	2315	2317	2321	2322	2323	2324	2326	2329	2344	2344	2345	2345	2349	2353	2360	2362	2362	
2370	2370	2371	2377	2378	2379	2379	2380	2386	2387	2389	2394	2395	2396	2399	2399	2406	2406	2409	2409	
2413	2415	2416	2416	2417	2420	2420	2422	2424	2425	2427	2432	2441	2442	2442	2443	2452	2454	2462	2469	
2470	2471	2475	2478	2481	2481	2482	2487	2494	2494	2497	2501	2502	2505	2512	2514	2515	2519	2521	2526	
2528	2530	2531	2532	2539	2539	2540	2540	2545	2553	2553	2566	2567	2571	2573	2576	2577	2579	2586	2587	
2589	2595	2601	2606	2607	2611	2611	2611	2615	2618	2619	2621	2621	2626	2633	2635	2639	2642	2645	2648	
2652	2659	2661	2663	2667	2678	2678	2679	2679	2682	2684	2685	2689	2693	2696	2698	2699	2700	2700	2707	
2714	2715	2720	2731	2731	2732	2733	2733	2734	2735	2735	2738	2739	2740	2743	2745	2747	2755	2761	2761	
2763	2764	2768	2780	2785	2791	2798	2803	2808	2808	2820	2822	2825	2826	2831	2834	2835	2835	2838	2839	
2841	2844	2844	2857	2858	2859	2868	2870	2874	2875	2876	2877	2877	2877	2877	2881	2883	2885	2886	2888	
2897	2898	2900	2905	2906	2910	2912	2920	2924	2925	2927	2931	2937	2940	2942	2942	2949	2950	2955	2957	
2959	2961	2963	2968	2970	2972	2988	2990	2993	2995	3014	3021	3022	3025	3026	3036	3036	3041	3044	3047	
3050	3071	3071	3086	3091	3093	3094	3095	3114	3115	3117	3120	3120	3122	3125	3126	3130	3139	3142	3147	
3149	3152	3161	3162	3162	3171	3172	3175	3181	3186	3189	3190	3194	3197	3198	3209	3213	3213	3219	3220	
3229	3230	3231	3235	3250	3253	3253	3256	3267	3270	3277	3291	3296	3298	3302	3306	3308	3321	3321	3322	
3325	3328	3329	3329	3333	3333	3344	3344	3355	3360	3363	3366	3369	3369	3375	3377	3382	3383	3385	3389	
3392	3395	3396	3399	3399	3413	3417	3423	3424	3424	3427	3427	3431	3433	3440	3440	3441	3442	3443	3447	
3451	3451	3454	3466	3466	3467	3467	3470	3473	3475	3477	3481	3482	3487	3488	3491	3493	3494	3499	3502	
3502	3503	3519	3520	3526	3528	3536	3536	3538	3540	3546	3547	3550	3555	3556	3557	3567	3567	3568	3570	
3570	3574	3578	3582	3586	3591	3593	3596	3604	3605	3615	3616	3622	3634	3643	3646	3646	3646	3647	3647	
3648	3648	3649	3652	3659	3666	3667	3674	3675	3676	3679	3684	3691	3692	3694	3696	3697	3701	3710	3711	
3712	3714	3714	3715	3720	3725	3729	3730	3735	3738	3741	3741	3742	3747	3754	3754	3755	3761	3764	3767	
3769	3776	3786	3791	3791	3792	3795	3800	3805	3806	3808	3810	3820	3822	3828	3834	3841	3849	3853	3853	
3860	3866	3874	3877	3878	3878	3879	3882	3884	3891	3895	3897	3902	3905	3913	3925	3930	3931	3933	3935	
3937	3943	3943	3945	3949	3956	3959	3963	3966	3969	3971	3983	3985	3988	3989	3994	3994	3995	3999	4002	
4004	4009	4011	4011	4014	4017	4020	4021	4021	4022	4024	4027	4037	4044	4045	4048	4052	4058	4058	4060	
4066	4068	4070	4071	4072	4074	4077	4077	4079	4081	4096	4103	4109	4115	4119	4121	4131	4132	4138	4151	
4153	4158	4160	4161	4162	4174	4181	4186	4186	4189	4189	4197	4199	4200	4203	4207	4210	4210	4214	4221	
4223	4227	4227	4229	4234	4237	4249	4255	4260	4261	4262	4269	4271	4271	4271	4274	4274	4275	4275	4284	
4287	4288	4290	4305	4305	4306	4307	4314	4314	4316	4318	4326	4329	4330	4331	4332	4335	4337	4341	4348	
4348	4350	4352	4357	4358	4367	4368	4369	4369	4370	4372	4374	4377	4379	4383	4386	4386	4386	4392	4398	
4403	4410	4415	4416	4436	4438	4441	4441	4445	4445	4445	4447	4460	4467	4474	4474	4475	4477	4480	4487	
4490	4497	4501	4506	4507	4508	4510	4513	4513	4515	4516	4524	4527	4535	4535	4537	4551	4552	4554	4555	
4560	4561	4563	4564	4572	4572	4575	4579	4580	4583	4586	4590	4599	4613	4616	4617	4620	4624	4633	4634	
4639	4639	4642	4643	4645	4650	4654	4656	4657	4659	4660	4661	4664	4666	4668	4673	4674	4674	4679	4679	
4682	4684	4690	4696	4699	4699	4700	4701	4702	4702	4711	4711	4712	4722	4725	4729	4729	4733	4737	4742	
4742	4746	4754	4756	4757	4757	4760	4764	4770	4770	4773	4781	4781	4781	4791	4791	4795	4795	4796	4800	
4804	4806	4811	4813	4813	4818	4819	4821	4821	4824	4825	4826	4837	4838	4839	4843	4845	4853	4864	4864	
4866	4871	4874	4875	4887	4890	4891	4893	4894	4895	4895	4902	4902	4906	4911	4911	4917	4917	4920	4921	
4922	4925	4929	4930	4931	4942	4949	4950	4950	4950	4952	4954	4954	4956	4957	4959	4973	4977	4978	4979	
4979	4980	4981	4983	4991	4991	4994	4998	4998	5001	5003	5004	5004	5004	5007	5009	5014	5016	5017	5017	
5020	5028	5028	5030	5033	5034	5038	5041	5042	5042	5043	5047	5048	5052	5059	5061	5063	5064	5067	5068	
5069	5070	5075	5076	5078	5081	5083	5088	5090	5091	5092	5093	5095	5097	5109	5120	5123	5128	5134	5134	
5136	5145	5149	5152	5153	5156	5157	5161	5166	5172	5174	5180	5185	5191	5194	5195	5196	5198	5199	5201	
5201	5205	5206	5209	5210	5213	5220	5222	5222	5223	5225	5229	5233	5237	5242	5247	5248	5252	5255	5257	
5260	5267	5269	5270	5272	5277	5296	5299	5300	5301	5302	5302	5312	5314	5316	5318	5321	5325	5325	5331	
5333	5335	5336	5341	5342	5343	5346	5347	5355	5357	5363	5368	5376	5377	5388	5390	5396	5397	5407	5408	
5415	5417	5417	5419	5425	5427	5429	5429	5430	5431	5435	5440	5442	5449	5450	5455	5460	5465	5465	5465	
5466	5467	5469	5470	5471	5473	5480	5484	5491	5500	5502	5505	5507	5513	5521	5524	5525	5528	5534	5537	
5539	5541	5543	5543	5546	5570	5573	5573	5582	5582	5585	5588	5589	5591	5591	5598	5599	5599	5602	5603	
5609	5610	5611	5611	5617	5617	5621	5622	5624	5632	5632	5637	5641	5646	5658	5661	5664	5665	5666	5669	
5670	5672	5672	5680	5683	5684	5685	5688	5688	5690	5690	5693	5696	5698	5703	5703	5705	5708	5719	5719	
5722	5730	5732	5733	5744	5744	5745	5747	5747	5749	5749	5752	5756	5761	5764	5764	5769	5774	5776	5781	
5783	5783	5788	5790	5800	5804	5806	5812	5813	5821	5821	5823	5833	5837	5845	5846	5849	5850	5851	5857	
5858	5862	5865	5869	5870	5873	5883	5891	5896	5900	5901	5905	5906	5907	5908	5909	5918	5918	5921	5936	
5938	5938	5944	5949	5950	5955	5957	5957	5958	5958	5970	5971	5976	5981	5984	5986	5992	5994	5997	5999	
6001	6001	6005	6007	6008	6009	6018	6023	6024	6024	6027	6031	6036	6039	6048	6056	6060	6062	6065	6069	
6072	6074	6074	6077	6082	6085	6086	6086	6091	6091	6095	6099	6102	6102	6103	6106	6114	6119	6126	6127	
6132	6134	6134	6134	6136	6138	6141	6144	6145	6147	6152	6154	6161	6162	6174	6179	6179	6187	6188	6195	
6196	6198	6209	6215	6216	6222	6224	6225	6226	6231	6233	6233	6235	6236	6239	6242	6245	6247	6248	6258	
6258	6259	6262	6270	6272	6274	6276	6282	6285	6285	6291	6292	6294	6295	6297	6298	6301	6302	6306	6312	
6312	6315	6317	6318	6319	6321	6322	6327	6327	6328	6335	6336	6337	6338	6341	6341	6352	6355	6363	6366	
6373	6373	6373	6374	6383	6385	6393	6398	6400	6403	6407	6409	6409	6412	6412	6424	6442	6449	6450	6457	
6460	6465	6469	6471	6472	6475	6482	6484	6486	6487	6490	6493	6494	6502	6503	6505	6510	6513	6513	6514	
6517	6518	6519	6519	6523	6524	6527	6532	6537	6537	6538	6540	6541	6541	6543	6547	6552	6559	6564	6564	
6567	6568	6575	6575	6575	6578	6579	6580	6580	6586	6601	6602	6604	6610	6620	6622	6626	6626	6632	6633	
6634	6635	6637	6637	6643	6643	6645	6649	6654	6662	6665	6672	6673	6675	6676	6682	6684	6687	6689	6694	
6696	6701	6701	6703	6704	6708	6717	6717	6717	6717	6719	6723	6730	6734	6735	6737	6741	6745	6751	6752	
6761	6763	6776	6779	6780	6780	6787	6791	6792	6793	6798	6799	6799	6803	6804	6812	6812	6814	6816	6819	
6822	6824	6826	6827	6830	6830	6834	6835	6840	6841	6844	6862	6865	6867	6873	6876	6879	6880	6880	6887	
6888	6889	6889	6890	6892	6897	6898	6902	6906	6906	6907	6910	6913	6916	6918	6919	6921	6922	6923	6923	
6923	6928	6934	6945	6947	6949	6950	6950	6955	6958	6958	6960	6961	6964	6966	6971	6972	6989	6990	6993	
6994	6994	6997	7002	7007	7008	7011	7015	7016	7019	7021	7024	7029	7030	7030	7033	7033	7036	7040	7041	
7054	7056	7059	7060	7077	7077	7082	7090	7092	7096	7099	7103	7112	7115	7117	7120	7122	7125	7126	7126	
7134	7137	7137	7142	7142	7143	7143	7148	7151	7152	7152	7153	7160	7162	7165	7172	7172	7175	7176	7176	
7176	7177	7178	7179	7180	7182	7187	7194	7196	7205	7205	7205	7208	7211	7214	7219	7224	7224	7225	7229	
7233	7234	7234	7238	7243	7245	7249	7251	7257	7257	7268	7280	7284	7284	7285	7286	7288	7289	7299	7304	
7305	7307	7307	7309	7317	7317	7324	7330	7330	7331	7334	7336	7339	7345	7346	7351	7353	7354	7357	7359	
7363	7368	7382	7386	7392	7395	7403	7405	7413	7414	7416	7416	7420	7423	7423	7430	7433	7433	7437	7439	
7441	7441	7446	7447	7447	7449	7451	7455	7455	7456	7457	7458	7458	7460	7461	7465	7472	7473	7484	7487	
7490	7490	7492	7494	7508	7509	7510	7510	7511	7513	7515	7518	7519	7541	7549	7553	7555	7555	7556	7562	
7568	7569	7571	7574	7592	7594	7597	7599	7603	7604	7607	7613	7614	7617	7623	7628	7635	7639	7639	7640	
7640	7652	7653	7656	7657	7661	7665	7670	7671	7674	7674	7684	7687	7695	7701	7705	7705	7710	7712	7716	
7720	7721	7721	7722	7722	7727	7727	7731	7733	7741	7744	7744	7762	7783	7784	7788	7789	7796	7802	7803	
7805	7809	7809	7809	7812	7814	7828	7837	7839	7840	7846	7850	7850	7854	7854	7863	7864	7868	7868	7874	
7875	7878	7878	7882	7892	7902	7905	7907	7911	7911	7920	7920	7920	7925	7940	7941	7942	7945	7946	7948	
7949	7950	7959	7964	7964	7975	7979	7981	7987	7988	7989	7995	7998	8002	8013	8019	8027	8034	8041	8047	
8050	8057	8057	8068	8083	8093	8094	8100	8105	8109	8112	8115	8118	8121	8125	8146	8147	8149	8157	8159	
8159	8161	8164	8166	8168	8181	8182	8185	8186	8195	8198	8202	8204	8211	8212	8212	8216	8216	8217	8217	
8217	8218	8225	8225	8231	8239	8240	8244	8245	8254	8255	8255	8258	8263	8263	8263	8267	8267	8268	8269	
8269	8271	8273	8276	8281	8281	8284	8284	8289	8290	8291	8293	8300	8302	8305	8308	8309	8324	8325	8326	
8340	8343	8344	8345	8353	8357	8363	8363	8363	8364	8365	8370	8371	8374	8374	8375	8383	8388	8397	8399	
8399	8403	8406	8412	8413	8413	8414	8415	8416	8420	8424	8429	8430	8431	8434	8436	8436	8441	8444	8448	
8449	8451	8451	8455	8455	8458	8473	8475	8476	8482	8482	8487	8490	8502	8507	8507	8512	8512	8513	8514	
8517	8521	8521	8524	8524	8525	8526	8526	8528	8529	8533	8535	8545	8546	8547	8550	8552	8553	8554	8557	
8558	8559	8561	8563	8567	8568	8572	8575	8576	8578	8581	8582	8587	8590	8593	8595	8596	8597	8598	8599	
8605	8607	8613	8614	8620	8629	8631	8634	8638	8641	8644	8647	8654	8658	8659	8666	8667	8667	8667	8669	
8673	8675	8676	8678	8680	8680	8688	8688	8689	8694	8701	8701	8701	8702	8705	8712	8716	8719	8719	8723	
8725	8727	8728	8729	8733	8734	8735	8738	8741	8742	8742	8753	8754	8759	8763	8764	8770	8771	8772	8773	
8778	8779	8779	8780	8784	8798	8803	8805	8806	8807	8808	8812	8819	8824	8825	8831	8836	8838	8838	8839	
8845	8845	8845	8855	8863	8863	8865	8870	8870	8873	8874	8874	8879	8891	8894	8895	8898	8904	8905	8906	
8912	8926	8934	8935	8941	8943	8945	8945	8946	8947	8949	8950	8953	8957	8957	8958	8960	8963	8963	8964	
8966	8968	8975	8977	8987	8988	8989	8991	8992	9003	9004	9014	9015	9022	9022	9025	9032	9036	9037	9041	
9044	9044	9046	9046	9053	9053	9059	9062	9066	9066	9068	9068	9077	9079	9080	9081	9083	9086	9093	9096	
9107	9109	9113	9115	9116	9117	9117	9120	9120	9127	9129	9130	9131	9132	9133	9134	9140	9142	9144	9146	
9146	9153	9154	9164	9164	9167	9171	9175	9181	9189	9197	9199	9204	9207	9210	9213	9216	9219	9230	9234	
9236	9237	9238	9240	9242	9249	9251	9253	9255	9263	9271	9271	9273	9274	9281	9288	9292	9298	9300	9301	
9303	9312	9314	9319	9319	9319	9321	9324	9328	9330	9334	9336	9337	9340	9342	9343	9344	9354	9355	9356	
9358	9361	9362	9364	9369	9375	9376	9376	9380	9380	9384	9385	9385	9385	9388	9390	9391	9392	9398	9400	
9409	9410	9415	9419	9423	9424	9428	9430	9438	9440	9440	9447	9453	9457	9460	9461	9473	9475	9479	9480	
9484	9486	9500	9503	9512	9513	9514	9515	9516	9531	9535	9538	9545	9545	9546	9547	9548	9548	9551	9553	
9558	9571	9573	9574	9581	9587	9593	9598	9599	9599	9603	9608	9608	9610	9614	9615	9620	9623	9625	9627	
9628	9628	9632	9633	9643	9652	9653	9656	9657	9663	9669	9671	9674	9682	9682	9683	9688	9688	9690	9690	
9692	9694	9696	9698	9698	9704	9705	9707	9707	9713	9732	9737	9745	9746	9747	9748	9751	9752	9758	9762	
9762	9764	9766	9767	9768	9770	9772	9774	9779	9789	9791	9799	9802	9803	9807	9810	9814	9836	9848	9851	
9852	9855	9859	9865	9867	9871	9871	9871	9872	9873	9881	9883	9884	9886	9888	9889	9892	9894	9905	9908	
9908	9918	9920	9920	9920	9920	9923	9925	9927	9930	9932	9933	9936	9944	9945	9952	9953	9955	9959	9964	
9964	9967	9967	9976	9987	9994	10002	10008	10011	10012	10021	10026	10048	10049	10052	10054	10056	10062	10064	10067	
10073	10076	10081	10082	10090	10091	10093	10093	10094	10100	10104	10109	10112	10114	10115	10117	10117	10129	10130	10131	
10132	10136	10137	10141	10142	10151	10156	10157	10158	10162	10163	10166	10178	10179	10181	10182	10182	10187	10188	10189	
10191	10196	10201	10203	10217	10220	10229	10237	10242	10245	10247	10253	10255	10256	10259	10259	10261	10263	10263	10265	
10269	10272	10275	10283	10293	10301	10306	10308	10308	10308	10311	10314	10315	10316	10317	10317	10318	10318	10320	10320	
10328	10333	10338	10349	10351	10351	10353	10362	10363	10363	10366	10373	10378	10379	10380	10380	10383	10383	10385	10388	
10388	10394	10397	10398	10402	10404	10407	10410	10416	10416	10417	10422	10425	10426	10429	10431	10433	10436	10437	10437	
10439	10440	10440	10441	10442	10442	10444	10444	10449	10452	10456	10456	10457	10461	10464	10465	10468	10475	10483	10487	
10487	10492	10498	10499	10501	10505	10510	10511	10516	10519	10519	10520	10520	10521	10525	10525	10536	10541	10541	10542	
10546	10547	10552	10554	10559	10561	10571	10574	10574	10575	10578	10583	10591	10593	10594	10594	10602	10604	10609	10609	
10624	10626	10627	10631	10632	10635	10640	10640	10640	10642	10643	10644	10657	10673	10674	10677	10677	10682	10682	10683	
10686	10688	10689	10689	10689	10689	10691	10699	10709	10711	10716	10717	10720	10727	10728	10738	10742	10745	10748	10750	
10756	10757	10758	10760	10767	10772	10782	10782	10784	10785	10786	10789	10796	10796	10798	10799	10799	10800	10804	10804	
10808	10813	10818	10819	10831	10833	10834	10835	10837	10842	10856	10867	10869	10871	10871	10872	10880	10887	10888	10894	
10899	10907	10908	10909	10913	10914	10919	10924	10926	10934	10936	10938	10939	10941	10942	10946	10950	10951	10955	10958	
10958	10960	10963	10964	10975	10977	10978	10982	10987	10988	10993	11008	11012	11012	11012	11024	11027	11043	11049	11053	
11055	11057	11060	11066	11072	11074	11077	11080	11081	11084	11091	11107	11111	11117	11118	11120	11121	11122	11126	11129	
11130	11132	11135	11136	11137	11141	11144	11145	11145	11151	11151	11151	11153	11158	11159	11160	11161	11173	11175	11176	
11178	11179	11189	11191	11193	11194	11195	11195	11199	11205	11211	11214	11220	11226	11227	11233	11235	11235	11237	11253	
11261	11273	11276	11279	11282	11282	11284	11295	11302	11309	11310	11312	11313	11314	11315	11316	11316	11323	11325	11326	
11330	11334	11334	11346	11358	11367	11368	11369	11371	11372	11377	11378	11379	11379	11382	11389	11389	11393	11397	11398	
11400	11400	11401	11403	11406	11406	11419	11422	11426	11431	11436	11438	11439	11446	11446	11448	11449	11456	11463	11469	
11469	11477	11483	11486	11490	11491	11496	11496	11500	11502	11504	11518	11518	11524	11526	11526	11527	11531	11532	11543	
11550	11551	11559	11567	11568	11569	11574	11575	11576	11578	11581	11583	11585	11589	11589	11595	11597	11599	11600	11601	
11601	11607	11610	11615	11616	11616	11617	11619	11622	11625	11626	11626	11626	11633	11643	11645	11648	11651	11659	11664	
11665	11671	11683	11686	11689	11694	11694	11697	11699	11700	11700	11718	11722	11725	11727	11728	11728	11735	11746	11748	
11748	11749	11759	11760	11760	11763	11763	11764	11769	11773	11776	11780	11781	11782	11788	11788	11791	11795	11797	11798	
11802	11806	11806	11809	11817	11818	11824	11825	11825	11826	11829	11830	11831	11831	11834	11839	11841	11842	11846	11847	
11852	11856	11861	11864	11867	11867	11868	11868	11870	11872	11873	11874	11887	11887	11888	11888	11890	11892	11892	11895	
11897	11899	11899	11900	11903	11906	11914	11914	11923	11926	11926	11927	11928	11929	11931	11931	11937	11943	11943	11944	
11946	11949	11954	11956	11961	11964	11966	11967	11969	11984	11985	11986	11988	11995	12000	12000	12011	12015	12020	12020	
12020	12021	12027	12042	12043	12045	12048	12056	12057	12061	12062	12063	12063	12065	12067	12067	12068	12073	12077	12078	
12082	12084	12085	12085	12085	12086	12087	12088	12089	12094	12097	12098	12099	12100	12103	12109	12109	12118	12118	12119	
12124	12125	12131	12134	12136	12137	12143	12144	12149	12150	12151	12159	12161	12162	12164	12164	12166	12170	12171	12185	
12185	12186	12187	12189	12195	12200	12204	12208	12209	12211	12215	12215	12223	12224	12231	12234	12236	12238	12238	12238	
12244	12250	12252	12252	12253	12254	12255	12258	12261	12262	12265	12266	12272	12275	12275	12277	12287	12287	12288	12294	
12299	12309	12322	12324	12333	12333	12336	12339	12348	12350	12351	12359	12364	12365	12367	12368	12369	12372	12372	12373	
12373	12379	12381	12382	12388	12388	12399	12403	12403	12406	12407	12410	12417	12421	12427	12431	12435	12435	12436	12438	
12438	12447	12447	12448	12451	12455	12470	12470	12472	12485	12489	12489	12491	12497	12499	12506	12507	12511	12515	12519	
12522	12523	12524	12528	12530	12530	12535	12536	12537	12540	12546	12550	12551	12552	12552	12552	12553	12553	12554	12567	
12570	12572	12573	12574	12575	12579	12584	12585	12590	12594	12599	12600	12604	12604	12605	12613	12613	12617	12623	12625	
12632	12632	12632	12632	12635	12636	12636	12637	12640	12643	12644	12646	12647	12657	12661	12663	12667	12668	12679	12684	
12686	12689	12691	12696	12697	12698	12699	12700	12712	12721	12722	12723	12725	12725	12728	12728	12745	12746	12754	12756	
12762	12765	12771	12789	12790	12796	12798	12803	12806	12808	12812	12813	12814	12818	12822	12822	12825	12829	12829	12830	
12836	12838	12841	12843	12846	12846	12858	12859	12861	12862	12865	12870	12875	12876	12877	12883	12884	12887	12888	12889	
12890	12893	12901	12902	12908	12917	12919	12920	12927	12927	12939	12942	12943	12948	12957	12958	12959	12960	12962	12962	
12964	12966	12967	12980	12986	12989	13002	13011	13012	13017	13021	13023	13025	13026	13029	13034	13035	13046	13050	13056	
13057	13058	13062	13063	13064	13073	13079	13080	13082	13089	13091	13091	13093	13103	13110	13111	13112	13113	13114	13117	
13118	13121	13122	13129	13147	13148	13148	13150	13155	13159	13161	13162	13167	13177	13181	13182	13188	13191	13192	13196	
13196	13198	13200	13202	13205	13207	13207	13233	13237	13237	13244	13244	13247	13261	13264	13267	13267	13268	13271	13273	
13277	13280	13296	13316	13326	13328	13328	13335	13336	13340	13341	13345	13349	13352	13354	13354	13354	13355	13359	13361	
13363	13366	13366	13371	13372	13374	13374	13377	13394	13398	13398	13398	13399	13404	13409	13411	13416	13416	13418	13422	
13422	13424	13429	13435	13437	13440	13441	13444	13445	13450	13450	13451	13451	13459	13460	13466	13470	13471	13473	13474	
13475	13478	13479	13481	13486	13487	13487	13489	13491	13492	13495	13495	13496	13503	13506	13506	13514	13517	13527	13533	
13539	13540	13540	13548	13548	13552	13554	13556	13559	13562	13566	13593	13594	13594	13597	13603	13604	13606	13608	13610	
13612	13612	13619	13620	13629	13637	13640	13643	13654	13661	13662	13666	13673	13675	13677	13681	13689	13690	13698	13726	
13727	13733	13734	13734	13736	13739	13742	13744	13746	13746	13748	13749	13751	13755	13759	13760	13762	13765	13766	13771	
13771	13772	13773	13776	13776	13778	13787	13789	13790	13795	13795	13799	13801	13801	13802	13804	13804	13805	13805	13808	
13819	13822	13822	13827	13828	13837	13843	13843	13846	13847	13851	13851	13853	13856	13861	13862	13873	13876	13880	13881	
13888	13889	13889	13897	13898	13899	13904	13907	13909	13910	13910	13911	13912	13915	13918	13920	13923	13927	13931	13934	
13938	13942	13943	13957	13971	13980	13980	13981	13982	13985	13986	13986	13991	13991	13993	13993	13993	13999	13999	14005	
14005	14006	14011	14012	14015	14017	14017	14023	14026	14029	14034	14036	14037	14037	14051	14053	14054	14054	14058	14058	
14061	14065	14069	14069	14070	14071	14075	14079	14094	14096	14098	14100	14100	14101	14102	14102	14114	14115	14119	14119	
14119	14119	14120	14124	14130	14130	14130	14133	14135	14144	14144	14150	14151	14151	14164	14168	14179	14184	14189	14197	
14201	14202	14203	14210	14221	14223	14224	14226	14229	14231	14233	14235	14236	14240	14241	14241	14251	14251	14254	14261	
14267	14267	14269	14272	14273	14273	14278	14283	14288	14289	14294	14306	14307	14312	14318	14320	14327	14334	14336	14345	
14350	14352	14364	14370	14379	14380	14384	14388	14388	14389	14394	14400	14401	14405	14406	14407	14412	14418	14425	14427	
14428	14429	14432	14435	14440	14440	14442	14443	14447	14447	14448	14450	14450	14452	14463	14465	14465	14469	14473	14479	
14481	14483	14483	14495	14496	14504	14509	14511	14518	14518	14518	14522	14524	14529	14537	14543	14551	14566	14566	14570	
14572	14576	14579	14583	14591	14593	14596	14600	14601	14607	14607	14609	14615	14619	14620	14621	14628	14629	14635	14636	
14636	14636	14638	14641	14646	14647	14648	14654	14654	14656	14674	14676	14676	14678	14680	14680	14689	14697	14698	14702	
14703	14711	14714	14719	14721	14729	14736	14742	14746	14747	14750	14751	14751	14751	14753	14757	14769	14774	14782	14782	
14786	14788	14788	14794	14804	14804	14809	14818	14818	14821	14834	14835	14849	14849	14849	14851	14852	14852	14853	14853	
14859	14861	14864	14867	14872	14872	14873	14877	14877	14879	14888	14891	14903	14904	14908	14918	14920	14922	14925	14929	
14935	14936	14937	14940	14941	14944	14952	14955	14958	14959	14960	14962	14964	14967	14968	14970	14972	14977	14977	14978	
14984	14984	14988	14992	14994	14997	14999	15001	15003	15006	15017	15017	15020	15020	15020	15037	15039	15039	15041	15044	
15045	15048	15048	15055	15059	15060	15061	15064	15065	15070	15071	15074	15081	15086	15092	15092	15093	15094	15102	15108	
15111	15117	15118	15120	15122	15123	15123	15126	15130	15132	15133	15134	15137	15139	15141	15147	15159	15160	15161	15161	
15165	15169	15170	15170	15170	15171	15177	15177	15178	15183	15184	15189	15192	15194	15199	15199	15201	15201	15207	15209	
15211	15212	15214	15218	15218	15223	15223	15225	15227	15228	15229	15244	15244	15248	15252	15256	15259	15263	15267	15269	
15271	15274	15274	15280	15282	15282	15287	15289	15291	15292	15295	15296	15313	15316	15319	15321	15331	15336	15340	15346	
15346	15347	15353	15362	15363	15363	15366	15376	15383	15389	15391	15393	15394	15397	15403	15408	15411	15412	15416	15418	
15418	15420	15421	15421	15421	15422	15427	15428	15428	15429	15430	15432	15434	15434	15437	15450	15450	15454	15456	15458	
15459	15468	15469	15472	15479	15480	15481	15485	15489	15491	15504	15504	15510	15514	15515	15518	15521	15523	15528	15531	
15532	15533	15537	15538	15542	15549	15551	15551	15557	15563	15563	15564	15566	15566	15571	15574	15579	15580	15585	15592	
15595	15597	15599	15602	15602	15603	15603	15604	15608	15613	15615	15616	15621	15621	15621	15630	15635	15636	15646	15650	
15656	15659	15662	15663	15664	15672	15678	15678	15680	15681	15683	15687	15687	15692	15692	15696	15702	15712	15715	15716	
15720	15721	15721	15723	15723	15725	15725	15731	15736	15737	15741	15748	15750	15750	15756	15756	15759	15760	15763	15765	
15768	15773	15775	15781	15783	15786	15788	15790	15790	15791	15792	15796	15806	15808	15813	15813	15817	15817	15819	15819	
15826	15828	15833	15835	15839	15841	15846	15848	15848	15853	15853	15853	15853	15854	15865	15871	15878	15886	15891	15895	
15897	15900	15901	15902	15902	15907	15911	15913	15914	15915	15915	15917	15920	15921	15930	15938	15951	15955	15963	15963	
15967	15968	15974	15975	15977	15977	15978	15987	15988	15990	15991	15993	15995	16002	16002	16002	16003	16005	16012	16016	
16017	16024	16028	16030	16031	16031	16032	16033	16033	16034	16035	16039	16041	16045	16047	16050	16050	16050	16050	16051	
16055	16057	16061	16062	16072	16073	16077	16088	16089	16093	16096	16100	16109	16126	16126	16126	16129	16129	16130	16133	
16139	16140	16141	16148	16148	16149	16165	16170	16177	16178	16178	16180	16181	16186	16190	16191	16193	16196	16201	16204	
16206	16208	16210	16211	16215	16222	16229	16232	16236	16236	16241	16254	16259	16262	16267	16269	16269	16271	16275	16278	
16280	16281	16282	16283	16289	16290	16290	16299	16304	16309	16309	16310	16310	16315	16321	16324	16327	16328	16330	16332	
16334	16335	16336	16339	16341	16346	16350	16351	16356	16358	16364	16365	16365	16367	16372	16378	16384	16387	16393	16395	
16395	16397	16399	16402	16410	16410	16418	16430	16431	16434	16437	16439	16440	16441	16443	16453	16464	16465	16468	16477	
16478	16499	16502	16505	16515	16521	16523	16523	16524	16530	16532	16533	16535	16550	16556	16559	16569	16571	16571	16579	
16580	16584	16589	16590	16591	16591	16593	16608	16613	16620	16631	16634	16635	16638	16638	16649	16649	16650	16650	16650	
16652	16658	16658	16658	16664	16664	16677	16682	16683	16685	16687	16697	16698	16700	16701	16702	16704	16705	16711	16711	
16713	16715	16715	16717	16720	16729	16730	16730	16737	16748	16751	16754	16756	16757	16759	16763	16765	16766	16769	16771	
16773	16780	16784	16786	16786	16787	16792	16796	16804	16804	16806	16813	16814	16818	16823	16832	16837	16843	16844	16850	
16852	16852	16855	16856	16862	16862	16863	16863	16864	16866	16866	16872	16875	16877	16880	16882	16888	16892	16900	16910	
16919	16921	16923	16938	16940	16943	16946	16948	16950	16951	16951	16953	16956	16957	16958	16960	16961	16965	16965	16966	
16971	16971	16972	16973	16977	16981	16990	17002	17009	17011	17020	17020	17025	17035	17037	17046	17052	17052	17057	17057	
17091	17092	17092	17092	17093	17095	17096	17098	17099	17099	17101	17101	17102	17103	17107	17107	17116	17125	17128	17142	
17149	17153	17153	17158	17160	17167	17173	17176	17177	17178	17178	17188	17190	17190	17193	17194	17196	17201	17205	17207	
17208	17209	17209	17214	17220	17221	17223	17223	17226	17227	17230	17230	17242	17247	17248	17251	17252	17254	17259	17262	
17266	17267	17271	17271	17276	17282	17283	17295	17297	17299	17301	17304	17305	17305	17305	17306	17312	17316	17318	17322	
17325	17329	17329	17333	17337	17341	17344	17345	17354	17357	17361	17366	17367	17369	17369	17372	17373	17374	17377	17382	
17384	17389	17390	17390	17393	17394	17394	17404	17407	17408	17412	17412	17413	17430	17432	17433	17440	17441	17446	17452	
17457	17465	17465	17493	17495	17499	17508	17508	17509	17510	17511	17519	17520	17531	17531	17536	17540	17544	17549	17553	
17555	17555	17555	17557	17558	17560	17562	17562	17566	17566	17569	17569	17573	17578	17582	17582	17585	17592	17593	17593	
17603	17611	17615	17624	17625	17628	17629	17644	17647	17648	17655	17661	17661	17662	17664	17672	17673	17678	17681	17683	
17685	17687	17689	17694	17697	17698	17702	17707	17712	17715	17717	17727	17733	17734	17739	17743	17750	17751	17753	17754	
17754	17758	17760	17761	17762	17767	17769	17775	17777	17778	17781	17783	17786	17790	17791	17791	17798	17802	17807	17807	
17810	17811	17828	17831	17832	17834	17839	17842	17849	17850	17850	17858	17860	17864	17865	17869	17869	17870	17871	17872	
17878	17880	17880	17884	17887	17890	17896	17896	17898	17901	17904	17906	17911	17912	17915	17916	17920	17921	17923	17923	
17923	17925	17928	17941	17942	17946	17948	17950	17957	17960	17961	17968	17969	17970	17970	17972	17973	17974	17974	17975	
17980	17983	17988	17992	17994	17998	17998	18000	18000	18007	18008	18013	18018	18018	18020	18022	18022	18038	18040	18041	
18041	18043	18051	18053	18053	18056	18059	18059	18060	18069	18072	18073	18075	18077	18078	18082	18086	18096	18097	18097	
18097	18101	18108	18110	18111	18115	18117	18118	18122	18122	18125	18132	18133	18136	18136	18141	18141	18144	18144	18153	
18154	18167	18169	18171	18171	18177	18179	18181	18185	18187	18192	18193	18194	18194	18194	18196	18197	18206	18214	18216	
18228	18229	18233	18241	18246	18249	18249	18251	18255	18261	18263	18264	18264	18264	18276	18277	18277	18277	18280	18280	
18288	18300	18301	18301	18303	18305	18306	18306	18313	18314	18316	18318	18324	18325	18326	18329	18332	18336	18343	18345	
18347	18351	18354	18357	18360	18367	18368	18381	18381	18381	18384	18385	18391	18392	18392	18393	18394	18397	18400	18402	
18402	18402	18407	18416	18417	18420	18421	18421	18421	18430	18430	18434	18449	18453	18458	18460	18468	18477	18477	18477	
18479	18479	18480	18481	18482	18488	18490	18491	18491	18496	18498	18502	18503	18503	18510	18512	18517	18520	18526	18531	
18532	18533	18534	18536	18537	18542	18552	18554	18575	18578	18579	18585	18591	18592	18595	18596	18601	18602	18604	18605	
18606	18608	18608	18609	18610	18612	18613	18613	18620	18620	18622	18625	18625	18625	18632	18638	18644	18644	18652	18656	
18666	18667	18670	18670	18672	18682	18687	18688	18691	18704	18705	18710	18713	18714	18715	18716	18722	18725	18727	18728	
18729	18732	18745	18745	18746	18753	18754	18754	18756	18762	18764	18769	18770	18783	18784	18785	18791	18791	18793	18797	
18797	18798	18798	18798	18801	18802	18805	18806	18808	18812	18813	18814	18817	18818	18821	18822	18827	18836	18836	18843	
18844	18864	18872	18872	18872	18873	18901	18903	18904	18906	18909	18911	18913	18922	18944	18945	18947	18955	18956	18959	
18961	18967	18968	18969	18972	18981	18998	18999	18999	19003	19011	19011	19015	19016	19017	19023	19025	19031	19036	19041	
19047	19048	19049	19054	19054	19057	19060	19064	19064	19067	19079	19083	19094	19096	19105	19108	19108	19111	19117	19121	
19123	19123	19124	19125	19127	19135	19137	19141	19145	19146	19146	19147	19149	19150	19151	19151	19153	19156	19159	19162	
19168	19170	19170	19171	19176	19179	19183	19185	19190	19192	19192	19208	19213	19213	19215	19216	19216	19217	19233	19234	
19238	19239	19245	19254	19256	19258	19262	19268	19277	19278	19288	19289	19290	19292	19303	19303	19303	19304	19313	19320	
19324	19324	19329	19331	19338	19342	19343	19351	19353	19359	19361	19362	19362	19366	19367	19376	19381	19387	19389	19393	
19394	19404	19404	19407	19412	19413	19414	19420	19422	19422	19423	19426	19426	19427	19430	19430	19432	19435	19435	19438	
19440	19441	19444	19444	19444	19445	19446	19446	19448	19449	19450	19464	19465	19468	19469	19473	19476	19478	19481	19484	
19486	19488	19488	19489	19493	19494	19497	19502	19502	19503	19506	19507	19514	19515	19516	19518	19519	19519	19521	19528	
19533	19533	19536	19544	19549	19556	19560	19560	19562	19572	19579	19580	19583	19583	19586	19595	19596	19597	19602	19604	
19607	19609	19616	19617	19619	19620	19623	19630	19631	19637	19643	19655	19661	19662	19665	19666	19666	19668	19673	19678	
19687	19689	19692	19695	19702	19704	19710	19716	19716	19718	19725	19727	19729	19735	19736	19740	19742	19743	19745	19749	
19750	19751	19753	19756	19759	19762	19763	19773	19774	19774	19777	19779	19782	19783	19793	19793	19793	19795	19795	19801	
19806	19809	19816	19821	19826	19831	19839	19844	19849	19850	19852	19852	19854	19854	19855	19858	19859	19859	19865	19870	
19874	19883	19891	19903	19912	19913	19913	19915	19918	19923	19925	19925	19927	19928	19931	19932	19935	19936	19936	19939	
19943	19946	19954	19956	19959	19959	19962	19973	19974	19978	19983	19987	19996	19997	20008	20010	20013	20015	20018	20022	
20029	20029	20035	20036	20037	20049	20050	20052	20053	20053	20057	20061	20064	20065	20065	20066	20067	20072	20072	20073	
20076	20077	20083	20084	20084	20092	20094	20096	20097	20100	20101	20103	20107	20113	20118	20118	20123	20130	20132	20136	
20137	20138	20138	20148	20149	20158	20160	20161	20167	20179	20181	20183	20184	20186	20188	20189	20191	20193	20209	20210	
20213	20213	20219	20221	20222	20235	20238	20239	20241	20241	20243	20245	20248	20252	20257	20259	20263	20264	20265	20265	
20268	20269	20270	20277	20284	20288	20289	20294	20297	20298	20301	20309	20318	20323	20324	20328	20333	20338	20339	20346	
20349	20350	20353	20356	20356	20359	20361	20363	20365	20373	20378	20380	20382	20384	20385	20385	20388	20391	20400	20402	
20404	20404	20410	20413	20416	20418	20419	20420	20421	20423	20425	20430	20439	20439	20442	20444	20445	20448	20448	20463	
20466	20467	20471	20476	20482	20485	20487	20496	20498	20502	20503	20504	20505	20506	20509	20511	20512	20514	20514	20516	
20517	20520	20525	20527	20531	20531	20532	20539	20543	20547	20549	20551	20551	20563	20564	20566	20567	20570	20570	20575	
20584	20592	20592	20593	20599	20605	20607	20607	20611	20615	20615	20618	20632	20632	20632	20640	20644	20646	20647	20647	
20653	20668	20669	20671	20676	20677	20684	20690	20702	20703	20705	20713	20717	20717	20720	20721	20722	20729	20732	20732	
20732	20733	20738	20739	20753	20759	20761	20782	20789	20792	20796	20796	20800	20804	20812	20813	20815	20822	20826	20827	
20832	20833	20835	20842	20843	20853	20855	20858	20859	20862	20868	20873	20886	20889	20890	20891	20902	20905	20907	20914	
20915	20915	20916	20923	20924	20924	20928	20930	20934	20936	20939	20941	20944	20945	20947	20948	20948	20950	20963	20967	
20969	20969	20970	20971	20971	20972	20980	20980	20982	20983	20983	20986	20992	20993	20994	20996	21002	21002	21008	21009	
21016	21023	21026	21028	21031	21036	21039	21043	21054	21075	21076	21080	21081	21081	21083	21085	21086	21088	21090	21107	
21109	21112	21113	21119	21119	21121	21126	21129	21130	21131	21133	21134	21138	21138	21139	21141	21142	21145	21147	21148	
21161	21165	21170	21172	21173	21173	21176	21178	21184	21184	21185	21202	21204	21205	21206	21206	21214	21215	21220	21230	
21231	21235	21240	21241	21243	21245	21245	21246	21247	21251	21254	21254	21255	21260	21264	21265	21273	21274	21275	21277	
21277	21281	21282	21284	21287	21288	21294	21295	21298	21300	21307	21308	21309	21310	21322	21325	21328	21338	21342	21342	
21350	21355	21356	21358	21361	21368	21369	21378	21384	21384	21387	21392	21393	21399	21399	21400	21407	21411	21411	21415	
21419	21422	21423	21425	21430	21434	21435	21438	21438	21443	21443	21447	21449	21453	21455	21458	21459	21468	21469	21472	
21474	21475	21478	21480	21495	21498	21501	21505	21507	21517	21518	21527	21527	21531	21532	21536	21543	21558	21559	21560	
21561	21563	21566	21568	21570	21570	21570	21576	21578	21580	21587	21587	21594	21594	21596	21598	21600	21602	21604	21605	
21606	21609	21614	21621	21627	21631	21634	21637	21640	21641	21653	21655	21657	21659	21664	21672	21672	21674	21674	21681	
21683	21684	21684	21685	21687	21690	21698	21703	21704	21705	21710	21712	21718	21723	21723	21724	21736	21740	21741	21743	
21747	21747	21748	21750	21756	21762	21763	21765	21766	21766	21772	21779	21783	21790	21793	21796	21804	21813	21814	21815	
21817	21819	21822	21825	21826	21828	21832	21833	21835	21842	21853	21855	21858	21861	21862	21866	21868	21870	21872	21879	
21886	21886	21888	21891	21895	21896	21898	21898	21899	21902	21904	21910	21910	21911	21915	21922	21922	21925	21926	21927	
21929	21931	21932	21940	21946	21946	21954	21954	21963	21965	21967	21967	21967	21967	21979	21988	22001	22003	22005	22007	
22011	22012	22018	22024	22025	22030	22031	22037	22038	22042	22043	22064	22066	22069	22069	22070	22084	22088	22088	22091	
22094	22100	22100	22111	22114	22114	22117	22122	22122	22124	22128	22129	22129	22131	22132	22132	22135	22136	22147	22156	
22159	22159	22160	22162	22170	22172	22175	22176	22177	22180	22181	22185	22189	22189	22191	22192	22196	22213	22214	22214	
22214	22218	22221	22221	22224	22231	22234	22234	22241	22243	22247	22251	22256	22257	22258	22260	22268	22271	22273	22275	
22276	22282	22286	22291	22294	22297	22298	22298	22299	22312	22315	22318	22318	22322	22323	22323	22326	22327	22331	22334	
22335	22336	22339	22340	22340	22345	22348	22349	22354	22356	22358	22359	22362	22364	22364	22365	22374	22375	22377	22384	
22386	22386	22388	22392	22393	22394	22403	22411	22412	22412	22413	22416	22419	22420	22420	22423	22426	22430	22436	22438	
22443	22446	22448	22449	22454	22455	22460	22461	22467	22472	22477	22488	22489	22499	22499	22501	22502	22503	22504	22505	
22515	22519	22523	22529	22531	22532	22534	22545	22546	22552	22567	22575	22583	22586	22586	22587	22588	22591	22602	22603	
22603	22604	22607	22607	22610	22611	22611	22613	22613	22618	22625	22627	22631	22631	22633	22635	22641	22641	22641	22646	
22648	22649	22649	22652	22655	22655	22662	22669	22670	22671	22681	22681	22687	22694	22695	22701	22706	22716	22724	22724	
22725	22725	22725	22726	22728	22738	22739	22740	22740	22742	22743	22743	22744	22747	22748	22751	22755	22755	22756	22761	
22764	22769	22773	22774	22776	22779	22780	22780	22784	22784	22789	22796	22797	22805	22806	22806	22808	22809	22812	22813	
22818	22819	22820	22821	22822	22826	22831	22835	22838	22842	22843	22846	22849	22850	22852	22853	22855	22859	22862	22865	
22866	22868	22873	22877	22880	22880	22883	22894	22895	22895	22904	22909	22910	22910	22911	22914	22922	22923	22923	22925	
22926	22928	22931	22935	22938	22948	22948	22951	22951	22956	22957	22963	22968	22972	22972	22973	22978	22991	22995	23000	
23002	23005	23006	23006	23011	23032	23035	23035	23035	23036	23036	23038	23038	23039	23046	23047	23050	23055	23062	23063	
23071	23076	23084	23086	23098	23100	23100	23102	23108	23114	23115	23119	23119	23120	23125	23129	23138	23140	23143	23146	
23147	23152	23157	23158	23158	23160	23169	23173	23175	23178	23180	23181	23181	23191	23193	23195	23198	23200	23200	23203	
23209	23210	23210	23212	23218	23221	23223	23237	23240	23254	23257	23258	23259	23260	23261	23261	23261	23264	23264	23272	
23275	23284	23286	23295	23296	23298	23300	23301	23301	23305	23309	23310	23311	23314	23317	23318	23318	23321	23321	23325	
23328	23328	23328	23331	23335	23335	23344	23344	23346	23355	23356	23365	23371	23374	23376	23376	23382	23384	23384	23389	
23391	23393	23395	23401	23402	23404	23413	23416	23417	23431	23435	23439	23440	23443	23445	23450	23451	23456	23459	23459	
23462	23464	23465	23469	23471	23477	23480	23487	23491	23492	23499	23499	23502	23509	23511	23511	23514	23527	23538	23540	
23546	23548	23556	23557	23560	23565	23569	23569	23570	23573	23578	23585	23599	23604	23605	23610	23610	23612	23613	23613	
23615	23619	23622	23625	23629	23631	23634	23635	23638	23638	23639	23641	23647	23647	23650	23658	23658	23663	23668	23669	
23671	23671	23672	23674	23680	23683	23688	23688	23689	23693	23697	23701	23702	23703	23708	23708	23710	23712	23713	23717	
23729	23730	23730	23759	23760	23762	23768	23772	23774	23774	23775	23775	23777	23785	23790	23800	23808	23814	23825	23826	
23828	23828	23828	23835	23840	23844	23845	23848	23855	23862	23862	23864	23869	23869	23870	23874	23876	23882	23883	23886	
23888	23889	23892	23898	23898	23901	23904	23904	23905	23912	23913	23913	23915	23916	23918	23921	23926	23928	23930	23933	
23933	23936	23940	23944	23945	23946	23946	23946	23954	23954	23955	23955	23958	23959	23962	23965	23966	23966	23967	23968	
23972	23973	23974	23979	23983	23983	23985	23986	23996	23999	23999	23999	24000	24007	24012	24016	24016	24018	24018	24022	
24022	24024	24031	24031	24034	24035	24046	24055	24055	24063	24064	24064	24066	24066	24068	24074	24077	24078	24078	24078	
24082	24092	24094	24094	24101	24102	24103	24107	24115	24116	24117	24128	24129	24138	24140	24151	24152	24152	24153	24153	
24155	24158	24158	24158	24159	24161	24162	24166	24168	24169	24174	24176	24189	24191	24195	24201	24204	24208	24215	24221	
24226	24226	24229	24232	24234	24240	24243	24246	24250	24250	24256	24258	24270	24272	24273	24275	24278	24278	24278	24279	
24281	24284	24284	24286	24290	24294	24296	24298	24302	24305	24306	24311	24314	24314	24316	24324	24327	24327	24329	24332	
24342	24345	24347	24356	24360	24362	24362	24363	24365	24365	24373	24373	24388	24388	24389	24392	24399	24400	24403	24403	
24405	24406	24407	24409	24409	24413	24420	24426	24428	24428	24436	24438	24440	24442	24442	24447	24456	24458	24465	24476	
24477	24478	24480	24488	24498	24500	24502	24503	24506	24514	24515	24518	24518	24522	24534	24539	24543	24543	24545	24550	
24550	24551	24552	24553	24553	24555	24562	24566	24568	24568	24580	24580	24585	24587	24595	24601	24602	24604	24608	24608	
24612	24614	24623	24628	24634	24634	24636	24638	24639	24642	24649	24649	24650	24651	24652	24652	24657	24657	24662	24663	
24672	24672	24673	24684	24687	24687	24688	24688	24704	24704	24705	24708	24721	24723	24723	24730	24737	24744	24750	24751	
24759	24760	24775	24779	24788	24791	24801	24801	24805	24806	24808	24814	24815	24817	24821	24831	24832	24838	24840	24841	
24846	24848	24848	24853	24857	24859	24861	24861	24861	24868	24876	24878	24879	24879	24880	24882	24884	24887	24898	24899	
24905	24907	24913	24914	24916	24922	24923	24925	24925	24930	24936	24942	24944	24951	24955	24959	24962	24967	24969	24973	
24976	24982	24983	24989	24990	24995	24997	25006	25020	25024	25026	25029	25030	25036	25043	25051	25056	25067	25082	25085	
25089	25090	25090	25091	25092	25099	25103	25103	25108	25111	25114	25122	25122	25124	25126	25129	25132	25132	25136	25139	
25142	25143	25145	25149	25154	25156	25157	25158	25162	25164	25172	25181	25185	25186	25194	25195	25196	25197	25201	25202	
25202	25211	25216	25224	25228	25238	25243	25244	25247	25252	25257	25260	25260	25262	25262	25265	25270	25276	25287	25288	
25289	25291	25293	25298	25307	25307	25309	25318	25319	25326	25328	25330	25331	25332	25339	25341	25342	25355	25356	25359	
25359	25359	25361	25365	25366	25369	25369	25371	25381	25382	25382	25383	25386	25391	25392	25397	25397	25399	25401	25404	
25405	25405	25405	25412	25416	25428	25430	25432	25435	25435	25437	25442	25443	25445	25450	25451	25461	25468	25471	25472	
25473	25474	25477	25479	25479	25484	25484	25491	25491	25495	25499	25504	25512	25513	25513	25524	25528	25532	25537	25542	
25547	25548	25549	25551	25551	25556	25560	25561	25565	25565	25570	25574	25575	25584	25588	25590	25591	25600	25601	25604	
25609	25613	25625	25627	25627	25628	25631	25635	25636	25645	25646	25653	25655	25660	25661	25662	25669	25669	25673	25677	
25684	25687	25689	25694	25698	25705	25713	25720	25722	25725	25726	25728	25728	25731	25735	25738	25739	25741	25743	25754	
25757	25760	25760	25765	25766	25766	25773	25775	25778	25783	25785	25790	25790	25792	25798	25798	25800	25804	25807	25810	
25810	25820	25823	25824	25829	25838	25848	25852	25858	25862	25863	25864	25875	25876	25877	25884	25889	25891	25893	25906	
25908	25908	25910	25912	25913	25915	25918	25923	25926	25928	25933	25935	25937	25944	25950	25957	25959	25965	25971	25977	
25978	25980	25990	25996	26006	26007	26011	26011	26015	26015	26017	26020	26027	26027	26027	26029	26033	26037	26042	26046	
26048	26050	26051	26056	26057	26058	26059	26059	26062	26063	26065	26066	26066	26069	26071	26072	26074	26075	26090	26091	
26092	26095	26096	26100	26102	26104	26110	26116	26119	26120	26123	26124	26124	26124	26131	26134	26139	26140	26146	26147	
26155	26159	26163	26167	26170	26176	26182	26183	26185	26187	26187	26188	26193	26194	26194	26198	26200	26202	26203	26207	
26210	26212	26213	26218	26222	26223	26223	26230	26233	26237	26238	26240	26246	26249	26251	26259	26262	26264	26267	26274	
26279	26285	26288	26291	26292	26297	26297	26305	26313	26318	26322	26326	26331	26331	26334	26337	26338	26339	26340	26346	
26347	26349	26358	26360	26361	26361	26373	26376	26377	26382	26383	26388	26396	26397	26400	26407	26410	26415	26417	26422	
26423	26423	26424	26424	26426	26427	26432	26433	26434	26435	26444	26452	26459	26467	26476	26483	26486	26494	26497	26499	
26499	26500	26503	26503	26507	26508	26512	26512	26517	26519	26519	26523	26528	26529	26533	26541	26542	26543	26543	26548	
26557	26558	26567	26568	26573	26575	26583	26589	26593	26596	26598	26599	26605	26609	26611	26614	26619	26627	26634	26638	
26639	26643	26643	26644	26645	26646	26648	26648	26655	26655	26657	26658	26666	26666	26673	26676	26677	26677	26677	26686	
26687	26689	26689	26691	26693	26694	26695	26698	26699	26703	26705	26706	26709	26713	26718	26719	26721	26722	26729	26736	
26738	26741	26751	26759	26759	26760	26760	26763	26763	26765	26766	26768	26771	26777	26777	26779	26780	26780	26783	26786	
26787	26787	26798	26798	26804	26807	26807	26808	26809	26812	26814	26815	26816	26818	26821	26824	26826	26830	26832	26832	
26834	26836	26838	26838	26838	26838	26839	26851	26856	26864	26868	26868	26869	26873	26874	26874	26874	26881	26882	26882	
26894	26899	26907	26915	26915	26918	26923	26924	26928	26928	26929	26933	26934	26934	26948	26948	26959	26965	26965	26969	
26969	26973	26976	26979	26981	26990	26991	26995	26995	27001	27002	27016	27020	27020	27020	27022	27024	27032	27033	27037	
27043	27047	27047	27060	27070	27070	27071	27071	27072	27074	27081	27085	27086	27086	27086	27086	27087	27100	27103	27111	
27111	27113	27120	27126	27135	27137	27138	27138	27139	27148	27152	27156	27159	27159	27160	27165	27167	27167	27168	27169	
27171	27175	27176	27178	27179	27180	27181	27183	27186	27187	27189	27192	27194	27197	27201	27201	27205	27205	27209	27209	
27218	27222	27222	27226	27230	27230	27230	27232	27236	27240	27240	27243	27248	27253	27257	27261	27263	27268	27272	27278	
27285	27289	27291	27291	27293	27303	27306	27308	27318	27320	27322	27323	27327	27334	27335	27336	27338	27341	27347	27355	
27358	27360	27362	27364	27366	27368	27375	27381	27383	27394	27396	27396	27401	27402	27412	27419	27423	27432	27433	27438	
27439	27443	27451	27453	27453	27462	27466	27467	27474	27477	27487	27489	27492	27496	27497	27499	27504	27506	27521	27525	
27528	27532	27532	27532	27552	27553	27560	27564	27564	27565	27571	27573	27578	27587	27593	27595	27595	27596	27599	27602	
27603	27605	27606	27609	27613	27614	27616	27618	27621	27625	27627	27630	27632	27633	27636	27637	27643	27644	27646	27647	
27651	27653	27661	27662	27664	27664	27665	27671	27673	27673	27673	27680	27682	27682	27682	27685	27686	27690	27691	27692	
27694	27694	27697	27701	27702	27702	27703	27705	27712	27715	27715	27715	27717	27718	27721	27723	27733	27735	27748	27748	
27754	27755	27760	27766	27768	27774	27776	27781	27781	27783	27784	27788	27789	27789	27792	27794	27798	27807	27810	27811	
27819	27821	27821	27826	27831	27833	27837	27837	27839	27840	27842	27843	27843	27847	27856	27857	27862	27865	27871	27876	
27881	27881	27885	27885	27886	27888	27892	27896	27896	27901	27901	27903	27905	27908	27911	27911	27913	27918	27922	27923	
27928	27928	27929	27930	27933	27938	27952	27958	27959	27961	27963	27965	27969	27970	27971	27974	27976	27976	27977	27981	
27982	27985	27988	27989	27990	27990	27995	27999	28002	28002	28006	28006	28008	28010	28010	28013	28018	28021	28029	28036	
28036	28037	28038	28043	28046	28047	28048	28051	28066	28069	28069	28071	28072	28075	28076	28078	28083	28085	28085	28087	
28093	28095	28099	28107	28108	28113	28114	28118	28123	28132	28134	28136	28141	28141	28146	28151	28152	28153	28156	28159	
28163	28164	28165	28171	28178	28183	28183	28186	28192	28196	28198	28202	28203	28212	28215	28215	28216	28226	28229	28230	
28232	28245	28249	28258	28265	28269	28279	28281	28283	28290	28292	28293	28294	28294	28294	28295	28303	28304	28306	28307	
28312	28314	28319	28321	28326	28328	28333	28336	28338	28339	28341	28346	28349	28352	28357	28358	28358	28364	28371	28371	
28379	28381	28382	28384	28386	28389	28396	28401	28409	28411	28414	28417	28419	28419	28419	28421	28422	28424	28426	28428	
28431	28433	28436	28441	28441	28442	28449	28453	28462	28465	28466	28472	28473	28474	28475	28477	28478	28487	28487	28488	
28489	28491	28495	28496	28497	28498	28498	28501	28505	28508	28508	28509	28514	28514	28515	28519	28524	28525	28526	28534	
28537	28544	28544	28546	28546	28553	28553	28553	28557	28557	28557	28557	28569	28571	28572	28573	28573	28576	28577	28586	
28592	28593	28599	28601	28602	28606	28608	28612	28612	28616	28618	28621	28622	28623	28626	28629	28638	28639	28641	28648	
28654	28666	28668	28670	28671	28671	28674	28678	28678	28679	28680	28680	28690	28693	28700	28706	28708	28716	28728	28733	
28753	28755	28755	28771	28776	28782	28784	28784	28790	28792	28792	28793	28798	28808	28813	28814	28816	28817	28818	28819	
28829	28829	28830	28830	28832	28842	28842	28842	28843	28848	28850	28854	28864	28866	28867	28868	28870	28870	28871	28872	
28873	28873	28879	28881	28882	28885	28886	28886	28888	28890	28890	28891	28891	28893	28895	28898	28901	28902	28903	28903	
28910	28910	28911	28916	28925	28932	28935	28937	28937	28942	28944	28949	28950	28954	28960	28960	28967	28968	28972	28982	
28982	28983	28983	28984	28988	28994	28995	28998	29003	29006	29008	29018	29022	29024	29027	29028	29030	29030	29030	29030	
29033	29034	29043	29049	29055	29059	29060	29061	29068	29069	29072	29075	29078	29086	29089	29097	29101	29105	29107	29118	
29124	29128	29129	29131	29135	29138	29141	29142	29146	29147	29149	29151	29158	29159	29162	29163	29165	29167	29168	29169	
29177	29177	29182	29185	29188	29189	29191	29192	29197	29200	29202	29202	29204	29204	29207	29209	29210	29211	29220	29222	
29225	29228	29231	29232	29234	29238	29247	29248	29249	29249	29250	29252	29253	29254	29257	29258	29261	29261	29263	29265	
29267	29269	29271	29271	29282	29283	29283	29285	29286	29288	29290	29290	29293	29296	29306	29312	29313	29315	29317	29318	
29318	29321	29323	29334	29334	29337	29342	29343	29346	29353	29353	29355	29357	29359	29365	29367	29372	29382	29386	29387	
29387	29388	29393	29400	29404	29408	29409	29409	29414	29416	29417	29417	29422	29423	29425	29429	29433	29434	29438	29439	
29440	29440	29443	29444	29462	29467	29467	29474	29475	29475	29480	29482	29482	29486	29488	29493	29494	29496	29501	29504	
29506	29516	29516	29522	29522	29523	29526	29527	29530	29531	29537	29538	29541	29542	29543	29547	29549	29552	29556	29558	
29560	29568	29568	29572	29578	29579	29579	29584	29591	29594	29595	29603	29605	29609	29609	29613	29614	29631	29633	29638	
29638	29644	29647	29648	29650	29650	29650	29652	29656	29656	29658	29666	29669	29670	29670	29674	29688	29696	29705	29705	
29710	29715	29719	29721	29721	29723	29723	29725	29726	29733	29738	29741	29742	29742	29744	29744	29750	29750	29758	29758	
29763	29764	29767	29768	29775	29778	29780	29788	29796	29800	29808	29810	29811	29812	29816	29818	29821	29823	29824	29828	
29828	29834	29834	29838	29839	29847	29848	29849	29852	29855	29857	29858	29864	29876	29877	29878	29878	29878	29880	29888	
29890	29892	29893	29895	29896	29899	29901	29903	29904	29912	29913	29918	29928	29929	29940	29941	29946	29947	29950	29950	
29954	29954	29958	29966	29966	29969	29969	29972	29979	29981	29981	29992	29992	30002	30005	30009	30019	30021	30022	30032	
30036	30042	30043	30049	30049	30057	30062	30063	30065	30067	30071	30072	30072	30072	30073	30074	30076	30077	30077	30077	
30078	30084	30084	30085	30097	30105	30115	30115	30116	30119	30123	30125	30129	30131	30131	30132	30135	30137	30138	30140	
30141	30142	30146	30157	30157	30161	30162	30162	30166	30177	30188	30192	30199	30208	30209	30216	30216	30217	30217	30229	
30230	30246	30250	30250	30251	30258	30263	30270	30282	30289	30289	30300	30311	30312	30317	30318	30320	30324	30325	30328	
30331	30332	30342	30344	30355	30355	30359	30360	30364	30365	30370	30373	30376	30388	30401	30405	30409	30409	30413	30414	
30418	30419	30420	30421	30422	30429	30430	30432	30432	30433	30437	30443	30443	30450	30452	30454	30460	30463	30463	30466	
30467	30470	30478	30478	30481	30482	30483	30491	30493	30494	30494	30495	30506	30514	30515	30516	30522	30524	30525	30527	
30528	30529	30537	30537	30538	30541	30547	30550	30553	30554	30564	30565	30566	30567	30568	30569	30571	30571	30579	30581	
30581	30590	30600	30600	30600	30603	30608	30608	30608	30609	30611	30619	30622	30624	30624	30626	30627	30630	30630	30632	
30633	30633	30633	30646	30648	30662	30663	30664	30670	30675	30677	30677	30680	30680	30688	30688	30693	30703	30704	30706	
30709	30710	30712	30714	30714	30716	30716	30719	30723	30727	30732	30739	30740	30740	30741	30743	30749	30756	30756	30758	
30759	30764	30769	30770	30771	30771	30776	30776	30783	30788	30794	30799	30803	30811	30812	30813	30817	30819	30827	30829	
30830	30832	30833	30835	30836	30839	30841	30845	30846	30846	30853	30859	30861	30866	30867	30870	30875	30876	30880	30881	
30883	30884	30884	30886	30888	30889	30893	30895	30896	30897	30910	30913	30919	30920	30922	30922	30923	30925	30930	30933	
30935	30935	30940	30940	30941	30946	30954	30957	30959	30971	30972	30973	30980	30995	30995	30995	31001	31001	31003	31009	
31009	31010	31011	31014	31018	31023	31024	31025	31030	31030	31035	31035	31039	31054	31069	31072	31072	31075	31076	31078	
31081	31083	31094	31095	31097	31098	31101	31105	31112	31112	31112	31118	31121	31123	31123	31124	31124	31130	31133	31137	
31142	31142	31146	31149	31150	31152	31153	31153	31158	31161	31163	31165	31170	31172	31172	31173	31173	31174	31175	31176	
31177	31183	31186	31191	31191	31192	31195	31198	31199	31205	31208	31209	31209	31210	31211	31218	31220	31220	31226	31229	
31230	31234	31236	31244	31252	31254	31254	31255	31258	31259	31265	31272	31275	31275	31277	31283	31287	31291	31297	31299	
31301	31304	31306	31306	31308	31312	31313	31313	31321	31326	31328	31332	31334	31339	31341	31345	31353	31356	31358	31362	
31366	31366	31367	31367	31368	31380	31381	31381	31382	31384	31393	31393	31394	31403	31404	31407	31409	31415	31426	31438	
31441	31442	31448	31450	31451	31456	31458	31460	31461	31461	31465	31468	31469	31469	31470	31472	31476	31480	31484	31485	
31485	31486	31487	31488	31493	31493	31502	31505	31505	31507	31514	31515	31518	31520	31522	31540	31543	31547	31552	31553	
31554	31557	31573	31575	31575	31577	31580	31583	31587	31594	31594	31597	31602	31609	31609	31614	31616	31618	31621	31627	
31629	31633	31634	31641	31642	31642	31645	31648	31650	31650	31651	31654	31655	31656	31658	31659	31668	31670	31671	31673	
31675	31685	31687	31687	31698	31700	31709	31710	31712	31713	31715	31724	31726	31728	31731	31737	31738	31738	31739	31751	
31753	31754	31758	31760	31767	31775	31776	31776	31787	31787	31788	31796	31801	31802	31802	31802	31805	31810	31813	31815	
31815	31816	31817	31817	31817	31821	31823	31823	31827	31832	31835	31836	31839	31841	31852	31868	31870	31870	31870	31873	
31881	31897	31898	31898	31910	31913	31916	31917	31922	31928	31929	31929	31956	31959	31963	31966	31970	31977	31980	31990	
31992	31995	32000	32000	32002	32006	32006	32016	32016	32019	32025	32026	32037	32037	32038	32040	32040	32053	32068	32085	
32092	32093	32097	32098	32101	32102	32114	32116	32116	32116	32116	32120	32122	32126	32126	32131	32139	32142	32145	32155	
32155	32158	32166	32168	32168	32170	32170	32174	32175	32181	32184	32186	32200	32204	32206	32207	32210	32211	32215	32218	
32220	32224	32225	32227	32229	32232	32238	32239	32239	32242	32249	32257	32258	32258	32264	32265	32269	32270	32274	32276	
32281	32282	32284	32292	32300	32305	32311	32312	32321	32326	32327	32333	32333	32334	32345	32345	32345	32347	32360	32364	
32365	32365	32366	32371	32371	32373	32375	32376	32383	32385	32388	32389	32398	32399	32404	32404	32405	32408	32408	32409	
32410	32415	32423	32434	32438	32441	32442	32443	32447	32448	32457	32457	32458	32462	32464	32464	32468	32470	32470	32475	
32486	32487	32490	32494	32495	32516	32517	32519	32527	32535	32537	32538	32545	32558	32559	32559	32561	32565	32565	32567	
32568	32573	32574	32578	32583	32588	32589	32589	32591	32591	32597	32602	32607	32611	32613	32620	32620	32628	32632	32638	
32638	32656	32658	32660	32669	32674	32681	32685	32686	32687	32689	32693	32693	32696	32696	32697	32705	32705	32705	32712	
32712	32722	32722	32726	32726	32727	32729	32729	32732	32734	32736	32738	32739	32740	32757	32759	32759	32760	32767	32767	
