Time taken => 0.338000 sec 


1	1	3	6	6	15	17	17	19	19	24	28	29	36	43	50	56	58	61	64	
65	67	70	77	79	84	87	87	91	92	94	95	96	96	104	105	113	115	117	118	
118	127	130	133	133	137	140	149	150	152	157	160	161	162	166	168	169	174	174	179	
187	192	194	195	197	199	199	201	201	201	203	215	219	220	223	227	228	240	244	245	
251	251	252	262	264	266	268	271	273	273	279	279	286	296	296	298	298	299	300	304	
307	310	320	324	325	327	329	334	345	347	349	352	353	355	355	357	360	368	369	369	
382	386	387	387	388	388	396	399	407	411	417	417	423	426	426	429	433	440	442	443	
447	453	456	457	457	460	470	485	496	502	503	507	512	515	518	522	524	527	538	539	
541	544	546	548	551	552	553	554	558	563	564	568	569	574	577	579	580	580	586	590	
591	599	599	602	607	612	613	617	621	625	627	631	632	636	640	643	645	646	646	655	
656	656	658	665	667	668	669	670	672	673	677	686	691	691	695	695	696	697	701	724	
727	731	732	738	749	749	750	752	756	757	760	763	764	769	770	775	777	783	787	787	
790	798	799	803	804	806	807	809	812	817	818	820	822	822	822	823	827	830	837	839	
840	840	847	849	852	859	860	861	861	864	868	871	878	880	883	893	894	894	899	903	
904	907	910	911	911	914	918	921	924	931	937	942	944	945	949	953	955	956	956	957	
962	962	967	986	992	994	995	996	998	998	999	1000	1000	1009	1014	1016	1018	1024	1024	1025	
1026	1038	1039	1040	1045	1046	1049	1054	1055	1059	1063	1069	1071	1077	1077	1078	1088	1093	1093	1093	
1095	1098	1105	1108	1109	1120	1129	1130	1130	1133	1137	1139	1142	1148	1157	1158	1159	1160	1165	1165	
1169	1169	1171	1174	1177	1177	1181	1182	1190	1192	1196	1198	1199	1201	1205	1205	1205	1212	1216	1225	
1229	1231	1236	1240	1246	1248	1250	1253	1254	1255	1257	1265	1267	1271	1280	1284	1286	1288	1290	1292	
1292	1297	1298	1312	1316	1318	1323	1324	1327	1328	1329	1330	1338	1339	1340	1343	1343	1344	1348	1350	
1350	1351	1351	1365	1367	1375	1375	1375	1378	1388	1391	1393	1395	1400	1404	1410	1415	1416	1423	1424	
1434	1435	1452	1454	1454	1459	1461	1465	1474	1480	1486	1489	1492	1494	1495	1496	1498	1501	1508	1508	
1509	1510	1517	1522	1526	1533	1537	1537	1537	1538	1540	1543	1547	1550	1552	1553	1553	1556	1561	1561	
1564	1564	1577	1579	1583	1584	1584	1585	1593	1593	1598	1608	1608	1608	1612	1613	1616	1617	1620	1622	
1629	1629	1635	1635	1636	1637	1641	1646	1646	1647	1647	1651	1652	1663	1666	1667	1677	1680	1682	1682	
1685	1686	1689	1690	1692	1692	1693	1703	1706	1708	1712	1712	1726	1727	1743	1744	1745	1748	1760	1761	
1761	1762	1764	1768	1771	1772	1780	1781	1783	1785	1788	1791	1797	1798	1805	1806	1807	1807	1808	1808	
1814	1815	1816	1817	1826	1831	1840	1841	1842	1847	1868	1880	1885	1887	1887	1890	1891	1902	1903	1910	
1912	1915	1915	1916	1918	1922	1922	1925	1928	1930	1934	1934	1940	1945	1945	1947	1952	1959	1960	1961	
1968	1972	1978	1982	1984	1984	1987	1995	1999	2001	2002	2004	2008	2010	2011	2015	2016	2017	2021	2024	
2029	2029	2031	2031	2035	2038	2040	2042	2043	2045	2048	2053	2054	2055	2056	2058	2058	2059	2063	2067	
2067	2071	2071	2072	2072	2074	2078	2080	2090	2092	2092	2097	2099	2103	2104	2106	2109	2111	2114	2115	
2117	2124	2124	2130	2132	2132	2134	2135	2136	2139	2140	2140	2144	2153	2156	2163	2164	2165	2169	2171	
2172	2180	2182	2184	2187	2187	2188	2192	2193	2196	2196	2197	2197	2199	2200	2208	2210	2215	2215	2216	
2218	2219	2220	2221	2233	2236	2242	2245	2258	2263	2263	2273	2275	2278	2283	2284	2293	2295	2301	2311	
2312	2313	2314	2328	2332	2334	2336	2338	2338	2340	2341	2348	2348	2354	2362	2371	2374	2377	2381	2385	
2388	2391	2391	2395	2398	2399	2400	2401	2402	2408	2409	2412	2412	2414	2416	2416	2420	2420	2421	2422	
2423	2426	2428	2436	2439	2444	2446	2447	2450	2453	2457	2458	2458	2458	2459	2462	2462	2467	2470	2472	
2475	2477	2479	2480	2480	2480	2481	2482	2483	2487	2489	2490	2493	2498	2500	2501	2503	2512	2513	2521	
2525	2526	2526	2528	2529	2545	2547	2547	2549	2554	2554	2554	2556	2558	2561	2565	2566	2568	2570	2570	
2574	2575	2576	2578	2578	2578	2581	2584	2594	2600	2601	2602	2604	2604	2607	2609	2622	2624	2624	2624	
2626	2626	2636	2641	2650	2655	2659	2666	2667	2668	2669	2671	2672	2678	2682	2685	2686	2692	2697	2700	
2703	2712	2714	2718	2718	2723	2724	2727	2734	2738	2740	2740	2741	2745	2747	2754	2755	2757	2759	2761	
2762	2778	2785	2792	2793	2798	2809	2812	2813	2813	2816	2821	2822	2823	2829	2830	2830	2834	2835	2835	
2837	2840	2844	2848	2852	2852	2853	2856	2856	2857	2857	2859	2860	2866	2867	2877	2881	2883	2884	2884	
2886	2901	2902	2902	2904	2908	2911	2912	2916	2916	2917	2918	2919	2920	2933	2941	2946	2947	2950	2950	
2954	2955	2962	2962	2973	2978	2978	2978	2980	2986	2990	2994	2998	3002	3003	3004	3016	3017	3018	3022	
3022	3033	3038	3045	3046	3050	3050	3052	3052	3054	3055	3057	3057	3068	3074	3076	3079	3081	3084	3090	
3094	3095	3097	3108	3110	3116	3117	3121	3123	3123	3127	3130	3132	3135	3135	3144	3144	3148	3162	3165	
3165	3165	3168	3175	3178	3183	3184	3188	3192	3192	3200	3201	3202	3211	3219	3226	3227	3230	3233	3234	
3235	3236	3240	3242	3243	3243	3247	3251	3254	3254	3258	3260	3262	3263	3264	3268	3274	3275	3278	3281	
3284	3286	3290	3291	3292	3296	3297	3299	3300	3301	3302	3304	3318	3319	3321	3322	3324	3330	3334	3336	
3336	3338	3348	3360	3362	3365	3369	3370	3370	3377	3377	3382	3383	3383	3383	3383	3389	3400	3406	3413	
3417	3422	3423	3424	3426	3426	3433	3441	3442	3453	3456	3465	3465	3465	3468	3468	3473	3474	3475	3476	
3477	3481	3482	3484	3486	3498	3499	3499	3501	3504	3507	3508	3514	3516	3518	3520	3525	3527	3536	3540	
3542	3544	3548	3551	3551	3552	3561	3562	3562	3565	3577	3586	3591	3592	3601	3601	3604	3607	3621	3621	
3624	3625	3633	3634	3636	3638	3639	3639	3652	3654	3657	3660	3662	3662	3663	3664	3671	3671	3675	3679	
3679	3681	3684	3685	3687	3692	3700	3710	3711	3723	3736	3739	3746	3754	3755	3756	3757	3757	3758	3760	
3762	3765	3767	3769	3770	3777	3789	3790	3790	3792	3794	3797	3802	3803	3804	3804	3804	3809	3812	3816	
3818	3821	3825	3830	3832	3834	3835	3836	3836	3843	3844	3845	3854	3856	3860	3864	3873	3875	3877	3880	
3886	3887	3888	3890	3890	3890	3895	3896	3899	3901	3902	3903	3907	3909	3915	3922	3923	3925	3930	3931	
3931	3936	3941	3942	3958	3960	3962	3963	3966	3969	3972	3973	3974	3974	3975	3975	3978	3982	3989	3989	
3994	3996	3998	4003	4006	4011	4013	4013	4015	4023	4031	4031	4031	4033	4033	4039	4039	4041	4042	4052	
4060	4068	4076	4077	4078	4079	4081	4091	4093	4093	4094	4094	4103	4110	4110	4114	4125	4141	4142	4144	
4148	4154	4157	4160	4163	4163	4169	4174	4178	4180	4187	4192	4193	4195	4198	4199	4201	4201	4201	4201	
4202	4204	4204	4204	4206	4207	4213	4213	4214	4216	4224	4236	4238	4241	4242	4244	4249	4254	4268	4268	
4272	4277	4279	4283	4284	4288	4289	4294	4298	4302	4302	4305	4310	4329	4340	4340	4341	4346	4346	4349	
4351	4352	4361	4362	4364	4368	4371	4373	4379	4381	4384	4385	4385	4386	4393	4394	4395	4403	4404	4408	
4411	4411	4416	4424	4424	4428	4428	4433	4434	4442	4447	4450	4453	4458	4459	4463	4466	4466	4471	4474	
4476	4487	4489	4490	4495	4496	4497	4503	4503	4509	4523	4534	4535	4545	4557	4557	4559	4561	4562	4564	
4565	4565	4569	4571	4572	4579	4594	4595	4596	4600	4600	4606	4606	4609	4618	4620	4622	4622	4628	4631	
4631	4633	4633	4633	4635	4639	4642	4648	4653	4655	4659	4659	4662	4673	4677	4679	4683	4684	4686	4690	
4691	4691	4697	4706	4707	4720	4723	4728	4728	4735	4739	4742	4742	4746	4749	4751	4755	4757	4758	4760	
4760	4766	4773	4774	4785	4787	4789	4792	4799	4810	4810	4817	4823	4825	4833	4836	4840	4845	4851	4856	
4857	4864	4870	4876	4880	4882	4884	4886	4890	4899	4901	4906	4909	4912	4921	4922	4926	4926	4927	4939	
4940	4944	4946	4948	4953	4964	4970	4975	4978	4983	4984	4986	4987	4991	4991	4994	5003	5007	5008	5008	
5008	5016	5017	5020	5024	5029	5032	5036	5036	5041	5044	5049	5050	5050	5050	5054	5057	5058	5064	5065	
5068	5071	5082	5084	5095	5099	5101	5101	5101	5110	5112	5112	5114	5115	5121	5122	5123	5127	5128	5131	
5134	5134	5134	5135	5141	5144	5146	5146	5147	5149	5155	5157	5157	5172	5173	5174	5182	5184	5186	5189	
5190	5193	5195	5199	5203	5203	5204	5210	5212	5219	5220	5225	5227	5232	5232	5232	5233	5237	5239	5245	
5246	5250	5259	5262	5265	5269	5272	5273	5288	5288	5289	5290	5292	5293	5295	5297	5299	5299	5304	5304	
5308	5309	5310	5311	5315	5319	5325	5328	5333	5335	5338	5340	5342	5345	5345	5348	5352	5352	5356	5358	
5369	5372	5375	5386	5387	5388	5389	5391	5392	5394	5397	5404	5406	5416	5418	5419	5425	5428	5430	5434	
5435	5444	5448	5452	5453	5455	5459	5460	5461	5465	5465	5465	5470	5471	5477	5478	5488	5492	5495	5500	
5500	5502	5502	5507	5507	5515	5520	5520	5521	5522	5524	5524	5529	5534	5548	5548	5551	5554	5558	5558	
5560	5561	5562	5564	5570	5573	5574	5585	5586	5587	5588	5589	5593	5593	5594	5596	5607	5607	5609	5611	
5611	5615	5618	5620	5621	5621	5624	5625	5632	5632	5633	5637	5637	5639	5640	5652	5656	5664	5664	5664	
5665	5673	5682	5683	5686	5688	5690	5697	5698	5699	5700	5702	5703	5707	5712	5714	5715	5721	5724	5729	
5730	5737	5744	5752	5752	5757	5759	5759	5765	5765	5770	5774	5779	5783	5790	5790	5799	5801	5802	5802	
5807	5808	5811	5814	5815	5817	5817	5817	5823	5827	5834	5838	5848	5852	5852	5854	5860	5863	5874	5875	
5876	5878	5881	5890	5892	5893	5894	5894	5894	5895	5897	5901	5906	5907	5908	5910	5914	5921	5928	5934	
5936	5939	5940	5941	5944	5944	5948	5950	5951	5951	5952	5956	5961	5968	5976	5977	5979	5981	5992	5995	
5997	5997	6012	6016	6016	6017	6017	6022	6031	6031	6034	6034	6036	6039	6041	6041	6042	6043	6044	6048	
6048	6051	6052	6055	6059	6068	6068	6082	6084	6085	6087	6090	6097	6102	6102	6102	6104	6107	6109	6114	
6114	6121	6121	6123	6125	6128	6136	6138	6145	6147	6148	6154	6156	6161	6163	6165	6166	6166	6167	6168	
6173	6174	6175	6180	6180	6180	6182	6184	6187	6191	6194	6197	6199	6207	6210	6210	6215	6216	6222	6223	
6232	6232	6238	6240	6244	6245	6249	6250	6252	6267	6267	6267	6271	6279	6284	6285	6287	6288	6288	6294	
6300	6302	6302	6306	6309	6309	6309	6314	6320	6327	6329	6331	6338	6340	6341	6343	6349	6353	6354	6357	
6359	6359	6366	6367	6376	6377	6381	6383	6396	6398	6399	6400	6416	6418	6418	6418	6418	6421	6423	6431	
6432	6434	6436	6437	6442	6468	6469	6477	6481	6484	6484	6494	6496	6500	6500	6511	6511	6514	6516	6522	
6523	6526	6527	6531	6532	6534	6546	6552	6561	6562	6567	6569	6576	6577	6578	6578	6579	6584	6588	6590	
6599	6600	6603	6603	6606	6616	6620	6620	6620	6622	6622	6623	6625	6625	6627	6635	6636	6640	6641	6649	
6652	6654	6665	6671	6672	6682	6684	6695	6696	6699	6700	6701	6702	6702	6706	6709	6711	6716	6717	6720	
6724	6729	6730	6732	6735	6739	6749	6749	6751	6752	6754	6754	6759	6765	6770	6777	6778	6781	6781	6783	
6788	6789	6791	6799	6803	6806	6806	6807	6808	6808	6812	6815	6816	6819	6820	6821	6827	6831	6832	6834	
6834	6837	6837	6837	6840	6842	6849	6851	6853	6855	6855	6857	6858	6859	6869	6871	6876	6880	6880	6885	
6894	6898	6901	6901	6901	6904	6909	6918	6927	6927	6928	6936	6937	6937	6938	6942	6942	6942	6944	6944	
6947	6960	6968	6968	6968	6969	6970	6971	6985	6992	6998	6999	6999	6999	7004	7005	7007	7009	7014	7015	
7017	7024	7024	7030	7032	7033	7037	7038	7044	7046	7048	7049	7058	7066	7070	7078	7079	7083	7088	7089	
7089	7090	7093	7093	7095	7096	7102	7111	7112	7118	7118	7124	7126	7126	7131	7136	7148	7155	7160	7161	
7179	7179	7183	7184	7187	7189	7192	7195	7200	7211	7213	7213	7215	7219	7225	7227	7227	7235	7236	7245	
7252	7259	7262	7272	7276	7278	7279	7280	7283	7285	7287	7287	7287	7291	7295	7297	7298	7301	7313	7315	
7316	7319	7320	7324	7328	7332	7333	7334	7337	7343	7346	7348	7355	7360	7363	7366	7370	7371	7374	7377	
7381	7386	7391	7399	7400	7400	7408	7409	7417	7421	7423	7424	7424	7425	7428	7429	7433	7445	7447	7452	
7454	7459	7460	7466	7475	7477	7486	7498	7499	7500	7506	7507	7511	7512	7512	7517	7518	7518	7520	7520	
7528	7528	7531	7531	7533	7536	7543	7544	7551	7555	7557	7558	7563	7570	7571	7571	7572	7576	7578	7582	
7583	7586	7590	7593	7595	7598	7600	7602	7603	7611	7611	7611	7613	7614	7614	7616	7617	7619	7623	7626	
7628	7630	7635	7641	7644	7658	7658	7664	7665	7674	7675	7684	7691	7693	7697	7702	7704	7705	7711	7713	
7725	7726	7729	7742	7745	7751	7752	7754	7756	7760	7764	7767	7783	7796	7797	7798	7807	7807	7809	7813	
7822	7822	7823	7831	7833	7836	7837	7850	7850	7852	7859	7863	7864	7864	7865	7868	7874	7880	7884	7888	
7891	7897	7901	7905	7914	7920	7920	7921	7921	7923	7926	7935	7937	7938	7942	7944	7949	7950	7952	7952	
7953	7954	7958	7963	7963	7964	7972	7978	7984	7989	7995	8003	8005	8023	8025	8029	8051	8053	8054	8058	
8067	8071	8071	8083	8088	8099	8102	8106	8118	8118	8118	8123	8126	8129	8129	8131	8135	8138	8140	8144	
8146	8149	8151	8159	8160	8163	8165	8165	8166	8167	8177	8177	8178	8180	8182	8182	8184	8185	8195	8197	
8199	8201	8202	8206	8208	8209	8211	8213	8216	8219	8221	8224	8230	8232	8233	8253	8255	8257	8257	8265	
8266	8280	8285	8286	8290	8290	8292	8293	8296	8304	8307	8307	8311	8315	8315	8321	8326	8331	8333	8338	
8356	8361	8361	8364	8367	8368	8369	8374	8378	8381	8391	8397	8406	8406	8406	8410	8411	8413	8419	8421	
8426	8430	8441	8446	8447	8448	8450	8452	8453	8454	8456	8461	8463	8471	8471	8475	8477	8482	8486	8486	
8487	8489	8492	8496	8496	8504	8508	8509	8512	8514	8518	8518	8520	8522	8527	8528	8529	8532	8534	8534	
8546	8551	8551	8552	8556	8559	8563	8571	8576	8577	8578	8580	8585	8586	8594	8595	8606	8612	8613	8618	
8619	8622	8630	8631	8634	8634	8640	8640	8644	8645	8645	8648	8650	8653	8659	8669	8669	8669	8671	8671	
8672	8683	8685	8690	8695	8697	8707	8708	8724	8731	8732	8735	8736	8737	8740	8740	8740	8741	8742	8746	
8746	8756	8761	8763	8770	8772	8779	8781	8782	8783	8783	8783	8786	8789	8793	8796	8796	8797	8798	8801	
8812	8815	8821	8826	8831	8837	8843	8848	8850	8854	8873	8878	8879	8880	8880	8884	8885	8892	8903	8903	
8905	8911	8912	8912	8914	8919	8927	8932	8933	8935	8941	8941	8942	8946	8948	8948	8951	8951	8962	8968	
8973	8978	8979	8987	8988	8989	8989	8995	9004	9020	9021	9022	9025	9034	9041	9050	9056	9058	9059	9066	
9083	9084	9089	9095	9100	9101	9101	9105	9113	9116	9118	9120	9120	9122	9122	9123	9124	9126	9126	9130	
9133	9134	9135	9136	9140	9144	9146	9149	9150	9155	9159	9161	9166	9172	9174	9175	9177	9185	9185	9185	
9190	9190	9200	9203	9213	9224	9227	9229	9231	9231	9236	9239	9240	9245	9247	9248	9254	9255	9257	9261	
9264	9268	9272	9277	9283	9286	9291	9294	9313	9315	9315	9321	9322	9346	9347	9348	9356	9358	9359	9361	
9362	9362	9364	9367	9369	9370	9376	9380	9381	9381	9383	9383	9384	9391	9394	9397	9400	9401	9406	9410	
9410	9411	9414	9415	9419	9421	9426	9427	9446	9451	9454	9455	9455	9456	9459	9460	9461	9461	9462	9464	
9467	9479	9479	9484	9486	9487	9488	9491	9493	9494	9499	9506	9507	9508	9508	9515	9517	9519	9519	9521	
9523	9524	9525	9525	9525	9530	9531	9532	9534	9537	9545	9554	9556	9571	9575	9576	9578	9584	9585	9586	
9586	9592	9596	9596	9605	9607	9610	9612	9613	9625	9627	9630	9630	9631	9644	9646	9647	9653	9653	9658	
9659	9660	9670	9670	9672	9674	9676	9676	9678	9678	9681	9682	9690	9695	9700	9704	9704	9705	9705	9708	
9708	9711	9713	9714	9715	9721	9722	9729	9729	9729	9733	9734	9741	9743	9752	9756	9756	9762	9764	9768	
9770	9770	9771	9772	9774	9775	9778	9782	9782	9791	9792	9792	9796	9796	9798	9800	9815	9821	9828	9829	
9830	9832	9834	9834	9834	9837	9839	9841	9851	9852	9860	9860	9865	9869	9873	9873	9874	9887	9888	9892	
9894	9896	9906	9906	9907	9909	9912	9921	9922	9925	9925	9930	9933	9935	9939	9961	9962	9967	9974	9974	
9976	9978	9982	9984	9986	9987	9988	9993	9996	9996	9996	9997	9998	9999	10000	10002	10003	10015	10015	10017	
10022	10025	10028	10032	10038	10039	10043	10045	10047	10048	10050	10057	10061	10064	10072	10074	10075	10077	10077	10079	
10088	10090	10094	10094	10097	10102	10108	10108	10112	10123	10125	10135	10136	10138	10141	10141	10143	10144	10149	10154	
10158	10159	10163	10164	10164	10167	10167	10169	10170	10178	10179	10186	10192	10198	10198	10200	10200	10208	10212	10212	
10213	10215	10218	10218	10220	10224	10225	10237	10241	10245	10250	10253	10257	10257	10261	10261	10263	10266	10268	10275	
10275	10277	10279	10285	10285	10286	10287	10298	10301	10301	10301	10306	10307	10311	10311	10313	10315	10315	10319	10319	
10320	10327	10327	10327	10327	10328	10336	10337	10348	10348	10355	10358	10361	10361	10361	10372	10374	10377	10377	10387	
10388	10389	10390	10394	10394	10394	10396	10397	10400	10401	10408	10412	10413	10417	10425	10429	10430	10431	10434	10436	
10437	10439	10452	10452	10454	10455	10462	10462	10467	10477	10478	10479	10481	10489	10495	10503	10507	10513	10514	10526	
10527	10531	10532	10540	10540	10549	10554	10559	10561	10569	10575	10576	10576	10583	10587	10589	10596	10597	10597	10599	
10600	10601	10605	10606	10607	10608	10614	10621	10622	10625	10629	10631	10631	10635	10635	10636	10646	10647	10653	10666	
10667	10669	10672	10677	10681	10683	10685	10688	10690	10711	10711	10712	10720	10720	10721	10722	10723	10730	10737	10746	
10746	10748	10751	10755	10762	10768	10770	10770	10772	10780	10780	10780	10785	10786	10787	10791	10791	10797	10800	10802	
10802	10816	10818	10818	10823	10831	10834	10837	10841	10848	10851	10852	10854	10855	10855	10861	10863	10865	10865	10869	
10870	10881	10881	10882	10884	10885	10886	10887	10888	10891	10896	10900	10906	10906	10909	10912	10919	10922	10923	10924	
10927	10938	10940	10942	10946	10949	10951	10952	10952	10955	10958	10958	10962	10963	10965	10965	10968	10970	10971	10971	
10973	10973	10974	10979	10980	10982	10985	10991	10994	10996	10999	11004	11015	11017	11018	11018	11021	11027	11028	11028	
11049	11051	11054	11055	11061	11061	11064	11064	11067	11069	11080	11085	11086	11091	11093	11093	11099	11101	11102	11103	
11105	11107	11118	11118	11121	11123	11124	11125	11127	11134	11141	11142	11149	11153	11157	11164	11172	11172	11181	11181	
11183	11186	11189	11197	11199	11205	11211	11211	11221	11230	11232	11233	11235	11237	11240	11245	11251	11255	11257	11259	
11261	11263	11265	11277	11280	11281	11284	11285	11292	11299	11299	11302	11308	11310	11311	11311	11318	11318	11319	11319	
11324	11325	11330	11333	11344	11346	11347	11348	11348	11348	11352	11354	11355	11365	11367	11375	11376	11377	11382	11389	
11393	11396	11400	11401	11402	11403	11405	11410	11417	11420	11420	11421	11421	11422	11428	11432	11433	11438	11438	11446	
11447	11449	11453	11453	11455	11455	11457	11457	11465	11465	11466	11468	11471	11477	11490	11503	11507	11508	11511	11512	
11517	11522	11524	11538	11546	11546	11546	11548	11554	11561	11561	11563	11567	11568	11584	11584	11588	11591	11592	11594	
11595	11596	11597	11598	11599	11599	11606	11613	11616	11622	11624	11626	11633	11636	11641	11647	11650	11655	11657	11658	
11661	11664	11667	11669	11675	11675	11680	11684	11685	11686	11687	11687	11688	11690	11701	11706	11714	11714	11719	11722	
11723	11726	11727	11733	11739	11740	11740	11744	11752	11754	11756	11758	11762	11763	11764	11766	11770	11772	11772	11775	
11778	11783	11784	11785	11792	11803	11805	11807	11808	11816	11822	11822	11842	11845	11847	11851	11852	11853	11854	11857	
11860	11864	11868	11869	11873	11873	11875	11883	11890	11894	11897	11898	11898	11903	11912	11913	11915	11916	11919	11921	
11922	11924	11925	11925	11931	11932	11933	11934	11941	11947	11951	11953	11954	11957	11963	11967	11967	11977	11978	11979	
11979	11982	11987	11987	11987	11992	11994	11998	12009	12013	12018	12018	12019	12020	12021	12024	12024	12025	12027	12031	
12033	12047	12047	12054	12070	12076	12079	12081	12087	12089	12089	12105	12106	12111	12113	12118	12121	12127	12128	12128	
12133	12135	12137	12142	12143	12144	12148	12148	12155	12157	12168	12176	12176	12180	12180	12187	12187	12191	12191	12193	
12196	12201	12202	12202	12205	12209	12212	12216	12217	12217	12218	12226	12232	12234	12237	12240	12250	12250	12254	12256	
12260	12261	12264	12268	12275	12277	12278	12279	12285	12292	12295	12302	12302	12305	12307	12320	12327	12333	12333	12334	
12342	12343	12353	12359	12361	12368	12369	12371	12381	12390	12394	12402	12403	12405	12415	12416	12419	12420	12420	12421	
12424	12435	12438	12440	12441	12444	12449	12452	12453	12455	12460	12465	12467	12467	12470	12470	12483	12484	12484	12487	
12491	12493	12498	12501	12502	12509	12511	12511	12516	12519	12519	12519	12520	12520	12522	12527	12531	12533	12534	12538	
12538	12547	12550	12585	12586	12590	12594	12597	12599	12603	12603	12607	12608	12613	12617	12623	12627	12628	12633	12634	
12637	12646	12648	12649	12651	12652	12653	12653	12657	12660	12661	12664	12665	12666	12666	12669	12673	12673	12678	12696	
12696	12696	12701	12707	12711	12712	12713	12719	12719	12721	12724	12728	12730	12730	12734	12741	12741	12745	12760	12763	
12770	12780	12782	12786	12793	12796	12798	12803	12806	12809	12811	12813	12826	12826	12828	12828	12829	12832	12838	12839	
12841	12845	12853	12853	12858	12860	12869	12874	12878	12880	12889	12889	12890	12890	12892	12892	12893	12895	12896	12902	
12907	12913	12915	12919	12919	12920	12921	12921	12925	12925	12930	12933	12935	12937	12943	12944	12945	12953	12961	12963	
12965	12966	12966	12968	12970	12975	12975	12980	12983	12987	12988	12989	12991	12994	12998	13000	13002	13015	13019	13031	
13032	13036	13051	13051	13057	13064	13068	13072	13077	13080	13080	13082	13083	13085	13091	13097	13100	13111	13116	13121	
13124	13126	13126	13127	13131	13132	13133	13141	13142	13143	13148	13152	13174	13175	13175	13176	13179	13183	13187	13193	
13193	13195	13202	13208	13210	13211	13213	13218	13221	13222	13225	13227	13240	13245	13249	13254	13259	13262	13269	13272	
13273	13283	13286	13291	13291	13294	13296	13296	13296	13304	13305	13306	13307	13307	13311	13323	13326	13330	13331	13336	
13338	13342	13343	13346	13351	13351	13355	13356	13357	13367	13367	13367	13372	13373	13381	13384	13391	13394	13395	13400	
13404	13408	13409	13410	13413	13415	13416	13418	13419	13420	13429	13429	13437	13439	13440	13440	13444	13445	13451	13456	
13457	13468	13471	13473	13477	13478	13478	13479	13479	13480	13481	13482	13486	13488	13496	13501	13504	13508	13512	13515	
13519	13521	13527	13537	13538	13539	13542	13544	13546	13548	13550	13553	13557	13562	13563	13564	13571	13574	13576	13577	
13580	13581	13589	13594	13600	13604	13624	13625	13627	13628	13630	13631	13636	13644	13653	13654	13656	13656	13662	13669	
13673	13674	13674	13675	13676	13677	13678	13679	13681	13685	13688	13693	13696	13700	13704	13707	13708	13709	13709	13711	
13718	13722	13727	13739	13740	13741	13743	13746	13746	13747	13749	13751	13752	13753	13767	13770	13774	13777	13779	13781	
13786	13792	13796	13799	13815	13816	13816	13819	13821	13823	13832	13834	13835	13838	13843	13843	13849	13859	13860	13861	
13863	13867	13869	13872	13872	13873	13875	13876	13876	13879	13884	13884	13893	13893	13894	13904	13910	13911	13917	13920	
13925	13933	13933	13935	13937	13937	13939	13940	13942	13943	13948	13951	13954	13954	13954	13960	13963	13967	13972	13974	
13976	13979	13983	13983	13984	13985	13986	13990	13993	13997	14000	14004	14006	14011	14011	14016	14016	14018	14019	14032	
14037	14040	14045	14050	14071	14073	14075	14076	14077	14077	14086	14087	14093	14096	14106	14112	14120	14130	14138	14138	
14138	14139	14142	14146	14146	14151	14160	14161	14166	14172	14181	14182	14183	14184	14185	14186	14188	14191	14192	14202	
14203	14205	14206	14214	14218	14222	14222	14225	14228	14233	14237	14238	14241	14249	14251	14256	14258	14261	14265	14265	
14268	14271	14278	14279	14279	14280	14287	14287	14290	14295	14296	14299	14306	14306	14307	14309	14317	14318	14323	14327	
14327	14338	14339	14343	14346	14347	14351	14353	14355	14355	14356	14359	14360	14362	14362	14373	14373	14375	14376	14380	
14390	14395	14397	14401	14405	14411	14411	14414	14416	14418	14420	14421	14424	14425	14427	14432	14433	14435	14436	14441	
14449	14453	14454	14456	14459	14464	14469	14475	14476	14480	14482	14483	14487	14493	14496	14496	14497	14502	14503	14506	
14511	14521	14521	14524	14526	14526	14527	14529	14530	14535	14536	14543	14545	14562	14564	14578	14582	14587	14594	14594	
14596	14600	14602	14615	14619	14620	14620	14627	14628	14631	14634	14639	14642	14643	14644	14646	14649	14652	14653	14655	
14662	14663	14664	14665	14666	14667	14669	14669	14677	14677	14680	14680	14680	14681	14682	14685	14687	14688	14688	14706	
14708	14710	14710	14711	14713	14721	14721	14723	14728	14729	14736	14736	14738	14740	14741	14742	14743	14745	14752	14762	
14763	14776	14776	14781	14782	14782	14792	14796	14800	14803	14803	14805	14807	14807	14808	14811	14813	14814	14815	14818	
14819	14820	14828	14830	14830	14831	14832	14832	14833	14836	14840	14845	14846	14849	14857	14863	14867	14868	14876	14878	
14882	14882	14883	14888	14889	14892	14894	14901	14908	14911	14914	14915	14918	14926	14934	14935	14955	14955	14961	14966	
14978	14979	14983	14983	14987	14987	14989	14990	14999	15003	15005	15006	15007	15010	15012	15013	15015	15016	15023	15028	
15041	15042	15043	15045	15052	15056	15062	15069	15071	15071	15074	15075	15075	15079	15088	15090	15091	15096	15099	15101	
15102	15103	15105	15105	15105	15108	15109	15110	15114	15116	15122	15126	15131	15131	15145	15148	15149	15152	15153	15154	
15163	15171	15171	15181	15184	15187	15193	15197	15199	15200	15203	15203	15212	15212	15215	15224	15225	15227	15228	15233	
15241	15243	15245	15248	15255	15255	15257	15260	15262	15267	15272	15274	15280	15288	15294	15299	15300	15300	15301	15304	
15306	15307	15307	15309	15309	15315	15320	15325	15326	15326	15328	15332	15338	15343	15353	15358	15359	15365	15365	15370	
15371	15374	15375	15376	15376	15377	15382	15382	15384	15389	15389	15398	15401	15406	15408	15408	15416	15418	15423	15423	
15428	15432	15433	15436	15438	15438	15439	15439	15454	15458	15462	15464	15472	15474	15475	15477	15478	15480	15486	15487	
15487	15488	15491	15510	15513	15513	15515	15528	15531	15533	15535	15540	15540	15543	15547	15550	15553	15557	15558	15561	
15563	15570	15572	15573	15574	15575	15575	15576	15577	15581	15584	15589	15593	15593	15599	15603	15607	15612	15619	15619	
15620	15620	15623	15628	15635	15640	15641	15641	15642	15646	15661	15661	15666	15667	15667	15671	15679	15679	15680	15682	
15685	15686	15686	15692	15700	15701	15704	15708	15713	15720	15721	15727	15729	15730	15736	15749	15749	15756	15757	15763	
15766	15773	15777	15777	15779	15782	15783	15784	15786	15788	15790	15790	15796	15799	15801	15802	15802	15804	15805	15812	
15812	15812	15814	15814	15815	15818	15821	15825	15827	15830	15832	15835	15841	15843	15846	15848	15849	15849	15853	15854	
15855	15856	15856	15860	15862	15864	15869	15871	15872	15880	15886	15904	15907	15909	15910	15911	15916	15918	15918	15921	
15923	15928	15929	15929	15931	15934	15936	15940	15946	15947	15950	15951	15961	15962	15962	15968	15973	15982	15984	15985	
15985	15991	15992	15997	15997	15998	15999	16003	16004	16008	16010	16010	16011	16011	16013	16015	16019	16022	16029	16034	
16037	16040	16040	16042	16043	16044	16057	16061	16071	16086	16087	16101	16103	16109	16113	16113	16121	16124	16135	16137	
16141	16141	16143	16148	16155	16158	16160	16161	16166	16169	16171	16175	16177	16180	16181	16183	16189	16192	16194	16195	
16197	16202	16203	16203	16206	16207	16218	16218	16218	16220	16224	16227	16228	16228	16231	16231	16232	16233	16236	16237	
16237	16240	16241	16241	16247	16248	16249	16250	16257	16261	16262	16263	16265	16269	16269	16270	16284	16287	16287	16295	
16299	16308	16319	16320	16321	16323	16324	16325	16327	16331	16331	16332	16339	16341	16343	16343	16343	16346	16349	16350	
16353	16359	16361	16364	16365	16365	16368	16379	16381	16382	16389	16398	16401	16402	16406	16410	16415	16420	16426	16428	
16430	16432	16436	16440	16441	16442	16443	16454	16456	16461	16461	16462	16468	16478	16479	16482	16486	16491	16491	16493	
16502	16505	16506	16508	16510	16511	16512	16546	16548	16549	16550	16551	16553	16556	16561	16563	16563	16565	16570	16576	
16578	16579	16581	16582	16582	16584	16593	16595	16598	16599	16605	16608	16614	16619	16620	16625	16631	16632	16633	16635	
16639	16641	16641	16642	16642	16647	16648	16650	16653	16657	16659	16661	16664	16666	16668	16671	16675	16676	16679	16683	
16684	16687	16691	16694	16694	16696	16699	16702	16702	16707	16709	16709	16713	16715	16715	16723	16724	16725	16725	16726	
16727	16731	16732	16732	16735	16737	16740	16743	16747	16748	16751	16755	16758	16760	16762	16763	16764	16777	16778	16783	
16793	16798	16799	16800	16802	16806	16811	16811	16818	16819	16820	16825	16825	16826	16829	16830	16835	16841	16846	16859	
16860	16861	16861	16863	16865	16867	16868	16869	16876	16880	16881	16884	16884	16884	16890	16891	16894	16895	16901	16903	
16907	16919	16927	16928	16928	16933	16935	16942	16942	16943	16944	16944	16948	16951	16960	16963	16965	16969	16970	16970	
16972	16975	16977	16980	16981	16982	16982	16985	16993	16995	16997	17001	17005	17008	17008	17009	17010	17011	17012	17014	
17022	17030	17032	17034	17035	17036	17037	17041	17045	17048	17054	17060	17065	17066	17068	17069	17071	17073	17078	17081	
17088	17088	17089	17090	17093	17104	17105	17110	17111	17111	17111	17116	17116	17116	17120	17121	17122	17123	17125	17127	
17128	17128	17145	17152	17153	17156	17157	17158	17169	17172	17173	17181	17182	17190	17192	17193	17194	17196	17197	17199	
17201	17203	17207	17226	17227	17231	17232	17234	17234	17243	17247	17248	17249	17251	17256	17261	17262	17262	17262	17262	
17273	17273	17276	17279	17285	17290	17294	17295	17296	17302	17308	17315	17315	17315	17316	17316	17321	17331	17333	17341	
17342	17351	17352	17352	17357	17359	17365	17375	17376	17377	17378	17380	17380	17381	17384	17384	17388	17391	17392	17403	
17410	17414	17427	17436	17436	17441	17442	17442	17444	17447	17447	17448	17451	17451	17452	17457	17458	17463	17471	17474	
17477	17489	17492	17494	17499	17502	17506	17508	17509	17509	17510	17523	17524	17524	17525	17528	17531	17536	17537	17540	
17546	17546	17558	17562	17562	17565	17567	17570	17571	17574	17574	17579	17586	17592	17593	17593	17594	17610	17614	17626	
17626	17628	17647	17649	17650	17656	17656	17658	17662	17667	17675	17675	17682	17683	17685	17687	17695	17696	17699	17701	
17704	17709	17716	17723	17725	17728	17741	17741	17743	17752	17755	17759	17769	17773	17773	17774	17776	17786	17792	17801	
17805	17809	17811	17812	17814	17814	17816	17817	17818	17821	17823	17824	17828	17829	17829	17832	17833	17839	17844	17849	
17854	17859	17861	17861	17861	17864	17869	17869	17873	17875	17877	17880	17880	17882	17883	17888	17893	17897	17897	17898	
17904	17907	17911	17912	17915	17919	17928	17930	17931	17936	17939	17940	17942	17947	17947	17949	17953	17956	17956	17959	
17962	17966	17966	17973	17979	17980	17993	17994	18004	18006	18008	18011	18017	18019	18021	18024	18025	18026	18028	18028	
18028	18031	18033	18042	18048	18053	18055	18056	18061	18064	18067	18070	18073	18077	18086	18094	18100	18101	18105	18106	
18109	18114	18115	18117	18117	18117	18119	18119	18122	18123	18124	18135	18139	18141	18143	18147	18150	18152	18159	18163	
18163	18166	18172	18173	18173	18182	18188	18190	18193	18195	18197	18199	18199	18200	18200	18202	18210	18210	18212	18213	
18216	18220	18230	18231	18231	18232	18235	18236	18236	18236	18243	18243	18243	18245	18246	18250	18256	18258	18259	18259	
18259	18265	18271	18283	18286	18288	18288	18290	18295	18296	18296	18298	18300	18301	18309	18310	18313	18317	18318	18319	
18320	18321	18343	18343	18351	18351	18373	18373	18374	18376	18378	18378	18381	18384	18385	18386	18386	18397	18399	18401	
18403	18405	18407	18408	18408	18409	18411	18419	18420	18424	18448	18451	18456	18457	18462	18463	18468	18471	18482	18486	
18486	18492	18493	18497	18499	18502	18503	18510	18517	18519	18521	18522	18522	18540	18540	18548	18558	18558	18560	18561	
18561	18563	18564	18567	18567	18568	18569	18570	18571	18574	18574	18577	18578	18578	18580	18582	18583	18587	18589	18590	
18592	18592	18594	18601	18607	18614	18615	18618	18618	18618	18619	18620	18621	18622	18625	18625	18626	18629	18633	18633	
18634	18656	18658	18660	18664	18664	18668	18670	18676	18680	18685	18687	18687	18693	18697	18711	18713	18716	18717	18721	
18723	18726	18726	18741	18743	18750	18753	18756	18756	18757	18758	18758	18760	18764	18766	18769	18770	18772	18775	18779	
18786	18791	18793	18796	18801	18802	18803	18803	18805	18809	18813	18823	18825	18829	18829	18830	18831	18832	18833	18834	
18836	18840	18843	18850	18851	18854	18859	18868	18874	18884	18884	18885	18885	18886	18889	18895	18913	18915	18918	18921	
18924	18924	18932	18936	18937	18945	18954	18959	18965	18967	18967	18973	18979	18981	18982	18984	18986	18989	18993	18996	
19000	19006	19007	19009	19010	19012	19019	19022	19027	19028	19030	19030	19032	19037	19037	19038	19045	19049	19049	19050	
19051	19053	19056	19057	19058	19060	19061	19062	19067	19067	19083	19098	19103	19106	19108	19111	19116	19126	19129	19130	
19131	19135	19138	19142	19144	19146	19147	19155	19157	19157	19162	19165	19166	19168	19172	19176	19181	19186	19192	19209	
19224	19226	19228	19229	19229	19230	19236	19245	19250	19257	19259	19265	19276	19280	19280	19282	19284	19293	19297	19304	
19309	19312	19312	19313	19315	19325	19326	19328	19330	19333	19333	19335	19336	19339	19345	19353	19353	19373	19374	19380	
19381	19381	19382	19382	19383	19383	19391	19392	19398	19402	19405	19421	19425	19427	19427	19436	19441	19445	19447	19448	
19448	19450	19450	19462	19469	19469	19470	19482	19482	19484	19486	19496	19503	19509	19512	19515	19522	19523	19526	19528	
19532	19534	19538	19540	19541	19547	19548	19550	19554	19557	19563	19569	19570	19580	19582	19583	19585	19587	19588	19608	
19608	19612	19618	19623	19623	19634	19637	19637	19639	19642	19643	19645	19646	19650	19653	19660	19668	19668	19669	19671	
19677	19680	19682	19684	19687	19695	19697	19701	19702	19704	19706	19708	19711	19712	19714	19720	19721	19724	19727	19728	
19746	19749	19760	19761	19764	19765	19768	19781	19782	19783	19786	19789	19789	19790	19796	19797	19805	19809	19811	19817	
19822	19826	19835	19836	19840	19843	19846	19847	19848	19850	19854	19855	19855	19856	19856	19856	19857	19858	19866	19867	
19868	19876	19882	19883	19886	19889	19893	19895	19900	19901	19908	19913	19916	19923	19925	19928	19930	19934	19940	19947	
19947	19948	19950	19952	19957	19962	19963	19964	19965	19966	19967	19969	19970	19978	19981	19988	19988	19991	19996	19998	
20001	20002	20012	20015	20017	20020	20020	20031	20036	20036	20040	20049	20051	20053	20054	20056	20059	20060	20061	20062	
20063	20070	20077	20079	20079	20084	20084	20086	20093	20094	20094	20095	20097	20098	20102	20111	20112	20115	20117	20118	
20119	20125	20128	20135	20136	20138	20141	20142	20142	20145	20153	20157	20158	20170	20171	20175	20181	20182	20191	20192	
20195	20196	20197	20199	20200	20200	20208	20208	20209	20217	20223	20224	20230	20230	20234	20236	20238	20240	20243	20244	
20245	20252	20254	20257	20264	20265	20271	20273	20276	20280	20281	20282	20286	20291	20292	20293	20299	20303	20307	20316	
20316	20320	20321	20322	20331	20344	20349	20351	20351	20354	20360	20364	20368	20376	20376	20379	20381	20389	20396	20402	
20429	20429	20430	20431	20431	20435	20436	20439	20439	20448	20448	20452	20456	20458	20467	20467	20468	20471	20474	20475	
20480	20480	20482	20482	20483	20486	20487	20489	20492	20502	20507	20509	20516	20517	20518	20519	20520	20522	20523	20527	
20529	20529	20533	20549	20549	20550	20551	20553	20554	20555	20559	20560	20561	20564	20564	20564	20573	20578	20579	20580	
20581	20582	20585	20590	20593	20596	20599	20604	20604	20617	20632	20632	20635	20638	20639	20640	20642	20651	20651	20655	
20657	20657	20664	20667	20667	20670	20671	20676	20678	20679	20682	20684	20687	20688	20691	20696	20696	20697	20699	20702	
20703	20704	20705	20707	20712	20716	20718	20719	20723	20725	20735	20738	20741	20742	20745	20746	20748	20749	20751	20752	
20753	20757	20759	20759	20761	20770	20779	20783	20785	20785	20793	20796	20802	20805	20807	20808	20808	20810	20812	20818	
20821	20823	20823	20825	20828	20828	20832	20838	20840	20840	20840	20844	20847	20847	20856	20858	20858	20863	20865	20870	
20873	20875	20877	20877	20884	20888	20891	20893	20894	20895	20896	20897	20901	20902	20908	20912	20913	20916	20919	20922	
20924	20925	20932	20934	20935	20936	20938	20952	20959	20962	20964	20965	20966	20968	20968	20972	20974	20975	20981	20985	
20986	20987	20989	20992	21002	21003	21007	21019	21027	21027	21028	21031	21034	21036	21038	21047	21048	21049	21050	21050	
21056	21057	21058	21060	21061	21062	21063	21064	21066	21071	21076	21080	21080	21080	21087	21089	21091	21092	21093	21094	
21096	21098	21099	21105	21105	21115	21120	21123	21125	21132	21141	21142	21144	21145	21151	21152	21158	21162	21163	21168	
21168	21175	21180	21181	21186	21190	21201	21212	21217	21224	21226	21226	21228	21234	21235	21237	21239	21239	21245	21261	
21263	21264	21271	21272	21274	21279	21293	21293	21295	21307	21309	21312	21313	21314	21315	21320	21332	21332	21332	21332	
21335	21336	21337	21342	21343	21346	21347	21348	21349	21352	21356	21358	21363	21367	21368	21368	21368	21376	21380	21381	
21381	21382	21382	21384	21388	21397	21400	21401	21405	21405	21405	21407	21409	21416	21416	21416	21417	21420	21425	21426	
21430	21432	21437	21439	21441	21443	21443	21445	21446	21446	21447	21448	21449	21455	21455	21465	21468	21484	21484	21488	
21489	21489	21489	21498	21498	21499	21500	21501	21506	21508	21510	21510	21515	21522	21529	21530	21531	21532	21537	21540	
21545	21546	21553	21560	21561	21562	21569	21572	21585	21586	21590	21590	21592	21592	21593	21595	21603	21605	21609	21616	
21617	21618	21626	21626	21627	21628	21633	21638	21644	21644	21652	21660	21661	21663	21664	21667	21669	21669	21670	21674	
21677	21681	21684	21686	21686	21687	21691	21694	21695	21699	21701	21702	21702	21703	21709	21711	21712	21712	21713	21719	
21722	21725	21726	21728	21735	21737	21748	21749	21750	21755	21758	21758	21758	21760	21767	21772	21773	21776	21777	21781	
21788	21804	21805	21811	21814	21816	21821	21825	21828	21830	21831	21837	21847	21849	21851	21856	21856	21859	21867	21867	
21868	21872	21874	21879	21884	21890	21894	21899	21900	21901	21902	21908	21908	21908	21913	21915	21918	21919	21924	21924	
21925	21932	21932	21936	21940	21941	21944	21945	21948	21949	21951	21952	21952	21955	21956	21961	21963	21968	21972	21973	
21974	21975	21975	21976	21977	21977	21982	21984	21990	21993	22001	22002	22013	22016	22018	22020	22028	22028	22038	22039	
22042	22042	22047	22050	22050	22051	22055	22056	22057	22058	22059	22064	22067	22076	22081	22081	22084	22089	22095	22095	
22097	22100	22101	22102	22106	22112	22114	22117	22122	22124	22132	22132	22146	22149	22149	22150	22155	22156	22158	22164	
22167	22170	22178	22191	22191	22192	22196	22197	22200	22201	22208	22214	22215	22217	22225	22225	22229	22233	22233	22234	
22235	22235	22236	22236	22237	22243	22243	22243	22247	22249	22251	22251	22254	22255	22256	22256	22261	22268	22270	22274	
22279	22280	22282	22284	22288	22289	22299	22304	22305	22310	22315	22328	22330	22332	22339	22339	22342	22344	22345	22356	
22359	22362	22370	22370	22370	22371	22373	22379	22380	22382	22387	22389	22391	22391	22392	22393	22394	22395	22397	22397	
22399	22404	22404	22412	22413	22414	22418	22418	22420	22422	22426	22427	22427	22429	22438	22438	22451	22454	22454	22465	
22466	22467	22467	22468	22468	22480	22481	22481	22482	22483	22483	22485	22494	22496	22503	22503	22504	22512	22513	22515	
22520	22522	22523	22533	22535	22541	22543	22544	22557	22557	22560	22561	22574	22576	22582	22588	22598	22598	22602	22603	
22605	22606	22608	22619	22620	22622	22623	22626	22636	22638	22640	22646	22651	22652	22655	22667	22678	22682	22692	22693	
22693	22694	22698	22701	22704	22712	22712	22715	22716	22719	22725	22728	22729	22742	22742	22745	22747	22748	22748	22754	
22764	22768	22772	22773	22774	22779	22782	22786	22787	22787	22788	22788	22788	22788	22797	22799	22805	22810	22817	22820	
22822	22824	22827	22828	22830	22837	22840	22841	22844	22845	22850	22852	22853	22856	22861	22864	22881	22885	22885	22887	
22889	22890	22895	22896	22899	22908	22911	22913	22916	22916	22919	22920	22922	22922	22923	22926	22929	22932	22934	22939	
22943	22944	22945	22946	22950	22952	22964	22965	22965	22966	22967	22969	22969	22976	22980	22984	22986	22992	22992	22992	
22995	22996	22999	23006	23016	23017	23022	23023	23031	23034	23036	23036	23041	23044	23046	23049	23049	23049	23052	23055	
23059	23065	23068	23073	23073	23074	23077	23078	23081	23083	23085	23099	23100	23103	23103	23106	23110	23112	23113	23117	
23118	23121	23125	23132	23137	23141	23144	23148	23149	23151	23159	23162	23163	23169	23169	23174	23176	23176	23176	23178	
23179	23183	23188	23189	23192	23195	23197	23199	23200	23202	23208	23215	23216	23218	23219	23222	23225	23231	23232	23237	
23242	23242	23242	23250	23250	23254	23257	23258	23258	23259	23262	23268	23276	23282	23292	23298	23311	23321	23324	23328	
23332	23334	23336	23343	23344	23346	23349	23349	23350	23358	23359	23363	23364	23366	23370	23394	23396	23401	23403	23412	
23415	23426	23429	23435	23441	23441	23455	23455	23458	23463	23463	23464	23466	23468	23472	23484	23484	23485	23488	23500	
23501	23502	23506	23509	23515	23520	23524	23531	23531	23534	23539	23544	23544	23545	23546	23547	23554	23557	23564	23571	
23571	23580	23581	23586	23589	23590	23597	23603	23614	23617	23621	23625	23626	23627	23627	23638	23639	23640	23641	23652	
23655	23658	23658	23659	23662	23666	23680	23683	23686	23690	23691	23692	23699	23702	23702	23708	23708	23710	23711	23712	
23714	23715	23720	23721	23721	23723	23733	23738	23738	23743	23744	23744	23746	23747	23750	23753	23758	23765	23765	23772	
23776	23782	23787	23787	23790	23798	23807	23809	23816	23817	23828	23847	23847	23849	23849	23852	23852	23854	23855	23856	
23857	23858	23859	23862	23864	23870	23872	23879	23879	23881	23886	23897	23898	23898	23900	23904	23906	23913	23914	23920	
23928	23931	23932	23935	23936	23937	23939	23948	23954	23955	23956	23960	23967	23970	23972	23972	23973	23974	23976	23985	
23987	23990	23990	24007	24009	24013	24018	24019	24020	24020	24021	24024	24025	24031	24038	24039	24043	24043	24047	24049	
24051	24055	24057	24058	24065	24066	24070	24074	24075	24076	24078	24090	24095	24098	24108	24111	24114	24118	24118	24118	
24119	24120	24129	24130	24132	24138	24140	24140	24148	24156	24162	24163	24174	24175	24181	24186	24186	24191	24196	24208	
24213	24214	24218	24220	24224	24227	24238	24244	24249	24251	24254	24259	24260	24262	24280	24281	24282	24283	24286	24287	
24298	24299	24303	24303	24303	24306	24306	24309	24310	24310	24310	24310	24316	24316	24317	24319	24327	24329	24334	24343	
24348	24351	24355	24355	24362	24366	24367	24370	24370	24372	24373	24375	24387	24388	24399	24399	24403	24415	24415	24417	
24422	24422	24423	24426	24427	24429	24430	24430	24433	24438	24442	24445	24448	24450	24451	24452	24455	24458	24471	24471	
24472	24473	24474	24478	24479	24481	24482	24487	24491	24516	24523	24528	24530	24533	24534	24535	24535	24535	24543	24545	
24545	24547	24549	24552	24555	24556	24560	24560	24560	24565	24566	24566	24568	24569	24570	24574	24575	24576	24580	24587	
24588	24589	24602	24602	24604	24605	24607	24611	24612	24613	24616	24617	24618	24620	24620	24621	24631	24632	24634	24637	
24638	24645	24650	24654	24659	24660	24664	24670	24676	24679	24682	24683	24684	24684	24686	24689	24691	24691	24694	24696	
24697	24699	24700	24701	24702	24703	24714	24716	24718	24719	24719	24721	24731	24738	24740	24741	24747	24747	24747	24749	
24749	24754	24756	24762	24763	24766	24781	24782	24788	24790	24794	24794	24801	24802	24803	24803	24812	24816	24818	24825	
24828	24829	24831	24833	24836	24840	24841	24843	24846	24847	24848	24849	24849	24849	24851	24852	24852	24873	24876	24878	
24879	24882	24885	24885	24890	24894	24902	24904	24905	24908	24910	24918	24920	24932	24936	24939	24942	24943	24945	24949	
24951	24953	24953	24957	24957	24958	24959	24964	24969	24970	24975	24977	24979	24986	24990	24994	24994	25009	25010	25012	
25012	25014	25018	25019	25029	25031	25031	25032	25034	25036	25036	25036	25037	25040	25042	25044	25045	25046	25053	25058	
25060	25060	25063	25064	25069	25070	25070	25075	25077	25081	25084	25088	25088	25099	25101	25109	25113	25114	25117	25119	
25123	25127	25128	25129	25131	25135	25136	25136	25140	25140	25146	25148	25148	25149	25153	25156	25157	25158	25161	25169	
25172	25181	25181	25181	25184	25184	25187	25190	25195	25207	25213	25213	25219	25220	25225	25225	25229	25230	25237	25239	
25240	25247	25247	25251	25252	25252	25259	25260	25261	25264	25264	25270	25279	25282	25290	25295	25298	25301	25308	25311	
25315	25318	25318	25319	25319	25323	25326	25334	25334	25334	25339	25339	25342	25342	25348	25356	25364	25369	25369	25378	
25386	25390	25390	25391	25392	25395	25395	25395	25400	25401	25402	25409	25410	25411	25415	25425	25426	25429	25434	25435	
25436	25438	25449	25450	25460	25461	25464	25467	25468	25469	25469	25472	25477	25479	25482	25485	25488	25493	25495	25496	
25502	25505	25508	25511	25516	25517	25523	25525	25530	25534	25535	25538	25540	25540	25543	25558	25559	25569	25574	25578	
25578	25578	25580	25581	25582	25583	25585	25588	25588	25593	25597	25599	25599	25599	25603	25606	25607	25611	25612	25613	
25614	25616	25617	25620	25622	25622	25622	25626	25626	25634	25635	25643	25644	25650	25668	25669	25675	25675	25675	25682	
25683	25686	25688	25689	25695	25697	25700	25704	25706	25710	25711	25714	25715	25716	25718	25721	25722	25723	25726	25726	
25726	25727	25729	25733	25748	25749	25750	25759	25765	25768	25768	25771	25773	25774	25779	25780	25780	25782	25786	25789	
25791	25791	25797	25797	25798	25804	25804	25805	25806	25812	25816	25819	25822	25831	25836	25837	25840	25844	25850	25853	
25854	25854	25855	25857	25860	25861	25861	25862	25862	25862	25863	25864	25867	25869	25869	25872	25873	25879	25880	25880	
25886	25889	25894	25895	25896	25897	25897	25897	25905	25906	25908	25909	25911	25914	25916	25917	25917	25917	25924	25926	
25928	25932	25934	25941	25943	25945	25946	25950	25954	25955	25956	25958	25964	25968	25969	25970	25976	25979	25979	25987	
25989	25993	25996	25998	26000	26004	26005	26007	26007	26008	26010	26021	26023	26024	26030	26032	26032	26037	26043	26051	
26055	26065	26065	26072	26078	26083	26091	26094	26096	26098	26102	26103	26106	26110	26114	26118	26120	26120	26122	26125	
26127	26129	26133	26134	26139	26141	26147	26149	26149	26155	26157	26160	26166	26167	26170	26173	26174	26176	26181	26182	
26188	26196	26199	26205	26205	26210	26216	26221	26226	26227	26227	26228	26228	26229	26233	26234	26236	26239	26240	26241	
26243	26254	26256	26259	26260	26270	26273	26274	26278	26279	26287	26291	26297	26300	26302	26307	26309	26312	26319	26321	
26332	26334	26337	26340	26341	26353	26355	26362	26364	26368	26369	26369	26370	26372	26373	26376	26378	26379	26388	26393	
26394	26397	26399	26403	26404	26414	26414	26420	26424	26427	26428	26432	26435	26436	26440	26449	26450	26451	26451	26455	
26456	26458	26461	26463	26467	26467	26473	26480	26480	26483	26483	26484	26487	26491	26497	26498	26499	26503	26504	26506	
26507	26508	26509	26509	26512	26516	26523	26527	26532	26543	26551	26551	26574	26575	26576	26576	26576	26576	26577	26580	
26583	26583	26593	26595	26598	26600	26604	26606	26607	26611	26615	26617	26617	26617	26621	26622	26625	26628	26630	26633	
26635	26635	26640	26652	26653	26653	26659	26667	26667	26668	26671	26674	26676	26680	26680	26688	26689	26692	26693	26694	
26695	26697	26697	26700	26700	26703	26706	26707	26713	26716	26726	26727	26736	26742	26748	26751	26752	26754	26760	26765	
26765	26767	26774	26776	26777	26778	26779	26786	26789	26797	26799	26800	26802	26803	26809	26810	26810	26815	26817	26819	
26822	26822	26825	26829	26837	26842	26845	26848	26855	26858	26862	26863	26864	26864	26864	26865	26866	26868	26869	26870	
26871	26877	26878	26879	26879	26891	26892	26893	26896	26900	26903	26903	26906	26912	26918	26918	26921	26921	26921	26921	
26922	26923	26934	26940	26943	26943	26943	26944	26944	26949	26952	26954	26954	26957	26957	26961	26971	26973	26973	26974	
26977	26977	26977	26979	26982	26985	26987	26992	26998	27001	27008	27014	27018	27026	27028	27032	27041	27044	27045	27048	
27048	27049	27052	27058	27063	27068	27068	27068	27074	27077	27078	27083	27083	27085	27090	27092	27106	27107	27110	27113	
27114	27119	27120	27123	27124	27127	27132	27134	27136	27158	27158	27161	27164	27166	27168	27168	27171	27174	27175	27176	
27180	27183	27185	27187	27187	27188	27191	27195	27196	27202	27205	27206	27215	27215	27216	27217	27225	27225	27229	27235	
27237	27237	27239	27241	27241	27244	27246	27247	27249	27258	27259	27261	27261	27262	27264	27271	27277	27286	27286	27289	
27291	27292	27295	27296	27301	27302	27302	27304	27320	27321	27322	27326	27326	27337	27350	27351	27352	27357	27359	27359	
27366	27371	27372	27381	27390	27390	27391	27393	27395	27397	27398	27398	27401	27401	27408	27410	27411	27416	27416	27422	
27436	27442	27447	27449	27450	27452	27460	27460	27462	27465	27472	27487	27487	27489	27490	27496	27497	27500	27505	27506	
27509	27512	27515	27517	27528	27529	27533	27535	27536	27538	27541	27546	27551	27556	27561	27563	27566	27566	27569	27570	
27579	27581	27585	27589	27592	27592	27592	27597	27599	27600	27608	27608	27609	27618	27619	27619	27622	27623	27625	27627	
27628	27629	27632	27632	27637	27644	27648	27649	27659	27661	27661	27664	27665	27666	27667	27673	27675	27675	27679	27680	
27680	27684	27685	27687	27689	27696	27699	27701	27703	27709	27718	27718	27718	27720	27724	27728	27730	27735	27740	27750	
27751	27754	27755	27755	27757	27758	27758	27759	27762	27775	27776	27784	27786	27788	27788	27789	27789	27795	27796	27799	
27803	27804	27806	27810	27813	27818	27822	27841	27845	27853	27853	27856	27862	27862	27862	27864	27865	27866	27868	27875	
27884	27886	27888	27894	27895	27895	27908	27911	27916	27926	27933	27934	27934	27935	27937	27945	27946	27946	27950	27951	
27952	27957	27962	27963	27967	27970	27971	27983	27985	27990	27998	28005	28009	28011	28011	28018	28019	28029	28036	28040	
28049	28051	28055	28056	28059	28060	28062	28062	28063	28064	28072	28073	28073	28075	28081	28084	28089	28095	28095	28098	
28106	28107	28107	28110	28117	28120	28123	28127	28129	28129	28131	28134	28135	28135	28139	28140	28148	28153	28155	28158	
28171	28174	28177	28181	28185	28187	28187	28189	28191	28192	28198	28199	28201	28202	28203	28204	28210	28213	28214	28222	
28223	28224	28234	28236	28238	28256	28257	28257	28260	28262	28273	28274	28278	28278	28280	28286	28289	28290	28290	28295	
28300	28305	28306	28310	28312	28313	28318	28326	28336	28336	28345	28345	28346	28349	28353	28357	28359	28366	28369	28370	
28382	28391	28394	28396	28398	28403	28404	28408	28409	28410	28412	28412	28416	28417	28419	28421	28422	28424	28425	28429	
28429	28430	28445	28445	28445	28453	28454	28456	28459	28463	28465	28469	28469	28469	28472	28480	28482	28489	28500	28502	
28504	28507	28507	28512	28516	28517	28522	28524	28533	28539	28539	28541	28548	28549	28550	28554	28564	28564	28566	28566	
28568	28574	28578	28578	28588	28591	28592	28592	28596	28598	28599	28612	28616	28616	28616	28626	28627	28628	28633	28635	
28638	28639	28646	28646	28656	28659	28661	28662	28671	28674	28681	28683	28694	28694	28696	28701	28706	28707	28708	28708	
28722	28723	28724	28729	28729	28732	28734	28734	28736	28740	28741	28748	28754	28760	28761	28769	28770	28773	28786	28798	
28798	28799	28805	28811	28812	28815	28823	28828	28831	28831	28833	28835	28837	28838	28839	28850	28852	28853	28859	28861	
28866	28870	28872	28881	28881	28887	28890	28891	28892	28892	28898	28904	28912	28914	28923	28923	28927	28929	28929	28931	
28932	28939	28951	28957	28957	28959	28967	28968	28971	28973	28973	28975	28980	28985	28989	28991	28992	28992	28994	28999	
29004	29004	29006	29010	29012	29015	29016	29020	29021	29022	29028	29029	29031	29031	29033	29034	29037	29045	29047	29048	
29049	29060	29064	29066	29068	29070	29071	29072	29079	29085	29088	29091	29095	29096	29100	29103	29103	29106	29108	29109	
29113	29116	29118	29119	29119	29121	29140	29142	29144	29160	29161	29166	29167	29177	29178	29183	29183	29187	29188	29189	
29192	29198	29198	29205	29206	29209	29209	29209	29210	29220	29228	29229	29235	29236	29239	29239	29242	29242	29244	29245	
29248	29249	29249	29257	29258	29259	29269	29277	29279	29282	29283	29283	29283	29291	29295	29298	29300	29301	29304	29309	
29312	29323	29325	29331	29333	29334	29336	29338	29341	29342	29343	29351	29353	29355	29356	29357	29362	29363	29366	29370	
29376	29385	29389	29390	29392	29398	29401	29402	29402	29417	29421	29422	29428	29436	29437	29438	29438	29452	29456	29457	
29462	29464	29467	29469	29471	29474	29476	29481	29483	29487	29488	29489	29489	29490	29492	29495	29495	29498	29499	29503	
29504	29507	29513	29518	29518	29518	29523	29524	29527	29528	29555	29555	29559	29563	29569	29570	29578	29584	29584	29589	
29590	29591	29595	29595	29595	29599	29602	29605	29622	29623	29626	29632	29633	29639	29645	29650	29657	29658	29659	29659	
29660	29661	29663	29664	29664	29667	29670	29672	29673	29684	29685	29686	29689	29694	29696	29696	29697	29702	29710	29712	
29712	29718	29720	29722	29723	29725	29726	29726	29729	29742	29746	29754	29759	29763	29782	29784	29788	29789	29795	29795	
29795	29796	29796	29797	29799	29805	29805	29806	29810	29810	29813	29815	29824	29826	29828	29831	29834	29838	29841	29845	
29847	29849	29851	29852	29854	29859	29861	29862	29870	29884	29895	29900	29900	29922	29927	29930	29931	29934	29942	29946	
29951	29957	29960	29966	29976	29977	29978	29985	29985	29986	29986	29993	29999	30001	30009	30011	30014	30015	30016	30019	
30023	30024	30030	30030	30033	30035	30036	30042	30045	30064	30069	30069	30072	30073	30080	30081	30083	30084	30084	30087	
30088	30094	30098	30103	30103	30114	30115	30130	30132	30133	30136	30140	30140	30142	30144	30149	30150	30153	30155	30156	
30159	30163	30165	30166	30169	30171	30174	30176	30176	30178	30181	30183	30188	30191	30201	30201	30207	30210	30218	30222	
30224	30227	30230	30230	30231	30249	30264	30269	30271	30271	30271	30274	30281	30293	30295	30295	30303	30303	30309	30314	
30316	30330	30333	30337	30341	30347	30350	30356	30357	30357	30361	30363	30363	30365	30366	30370	30370	30375	30381	30381	
30382	30383	30383	30385	30391	30391	30395	30398	30401	30405	30408	30408	30421	30424	30428	30438	30442	30446	30447	30450	
30457	30466	30467	30486	30488	30493	30493	30494	30496	30499	30508	30508	30509	30509	30511	30513	30517	30525	30526	30528	
30529	30532	30532	30532	30533	30534	30540	30543	30547	30548	30552	30553	30558	30561	30562	30564	30566	30571	30571	30574	
30575	30579	30591	30594	30595	30605	30606	30610	30613	30624	30624	30628	30632	30636	30640	30645	30654	30654	30660	30660	
30664	30668	30670	30676	30676	30677	30679	30679	30682	30690	30692	30696	30700	30702	30707	30707	30711	30711	30713	30724	
30725	30729	30733	30752	30757	30759	30760	30764	30765	30767	30767	30770	30772	30773	30775	30775	30778	30778	30784	30790	
30790	30795	30801	30803	30808	30811	30819	30820	30825	30828	30832	30833	30835	30837	30838	30841	30849	30854	30855	30860	
30866	30868	30880	30881	30887	30891	30894	30897	30900	30902	30905	30905	30908	30909	30912	30914	30919	30924	30925	30927	
30928	30930	30931	30939	30939	30942	30942	30949	30950	30951	30956	30958	30967	30973	30974	30985	30988	30991	30992	30992	
30993	30994	30995	30999	31000	31005	31010	31011	31016	31016	31019	31022	31022	31029	31033	31038	31044	31051	31056	31064	
31074	31076	31077	31079	31085	31092	31093	31095	31109	31122	31124	31124	31130	31130	31136	31136	31136	31141	31141	31146	
31149	31154	31159	31163	31170	31172	31173	31176	31182	31192	31196	31199	31200	31202	31209	31210	31220	31222	31222	31223	
31231	31232	31235	31240	31242	31243	31250	31260	31264	31264	31266	31272	31274	31274	31276	31278	31278	31284	31288	31289	
31296	31300	31305	31314	31316	31324	31327	31328	31331	31331	31333	31335	31336	31336	31337	31338	31341	31346	31347	31353	
31361	31361	31363	31367	31370	31374	31374	31380	31380	31381	31382	31385	31389	31390	31398	31398	31398	31401	31404	31407	
31417	31419	31420	31422	31423	31424	31438	31441	31442	31448	31449	31450	31453	31454	31454	31455	31460	31466	31473	31475	
31483	31483	31484	31485	31487	31488	31489	31490	31495	31496	31497	31501	31506	31508	31511	31514	31517	31518	31524	31525	
31525	31526	31528	31532	31535	31539	31539	31540	31548	31550	31569	31569	31571	31572	31573	31574	31575	31577	31577	31579	
31587	31590	31590	31595	31597	31599	31600	31601	31602	31609	31610	31615	31619	31621	31621	31625	31626	31635	31635	31640	
31645	31661	31664	31665	31666	31672	31673	31676	31677	31683	31686	31691	31692	31696	31700	31704	31704	31708	31715	31716	
31723	31725	31732	31735	31738	31739	31740	31742	31742	31750	31751	31751	31753	31753	31754	31762	31766	31768	31771	31778	
31785	31786	31795	31795	31796	31804	31805	31810	31811	31812	31816	31816	31816	31819	31822	31833	31833	31836	31844	31844	
31849	31852	31856	31862	31863	31866	31869	31872	31874	31877	31880	31883	31886	31889	31889	31891	31903	31904	31904	31906	
31908	31924	31925	31930	31931	31942	31946	31948	31948	31949	31949	31957	31957	31958	31961	31962	31964	31964	31965	31968	
31972	31975	31975	31976	31978	31982	31983	31983	31985	31987	31995	31999	32004	32005	32007	32010	32012	32013	32019	32020	
32027	32032	32038	32043	32045	32051	32060	32062	32065	32066	32068	32078	32083	32083	32090	32094	32103	32117	32118	32119	
32120	32122	32124	32127	32132	32134	32137	32137	32139	32143	32150	32157	32160	32164	32166	32172	32173	32177	32180	32191	
32195	32196	32196	32196	32197	32203	32210	32213	32213	32216	32217	32218	32219	32220	32220	32223	32229	32232	32235	32235	
32240	32243	32243	32250	32254	32255	32257	32263	32263	32263	32270	32270	32271	32274	32284	32285	32285	32293	32299	32309	
32309	32314	32317	32317	32320	32321	32321	32323	32340	32343	32346	32349	32353	32355	32357	32358	32361	32361	32365	32366	
32376	32380	32380	32384	32386	32388	32388	32392	32394	32395	32396	32403	32408	32409	32412	32412	32414	32417	32418	32419	
32419	32422	32423	32426	32428	32432	32436	32447	32448	32451	32451	32452	32462	32466	32468	32469	32472	32477	32481	32483	
32485	32485	32486	32486	32487	32494	32497	32499	32500	32502	32508	32508	32509	32521	32523	32534	32536	32540	32542	32545	
32547	32554	32555	32555	32558	32558	32559	32563	32564	32565	32570	32576	32584	32586	32586	32590	32598	32601	32605	32609	
32609	32609	32615	32624	32628	32628	32629	32643	32643	32644	32646	32651	32652	32654	32659	32661	32679	32682	32682	32686	
32689	32694	32695	32696	32700	32702	32710	32710	32711	32726	32728	32734	32737	32742	32744	32757	32762	32762	32765	32766	
