Time taken => 0.000000 sec 


2	5	8	9	23	28	30	32	32	34	38	39	49	50	53	54	56	64	65	74	
75	76	78	80	80	90	106	107	116	118	119	122	127	128	136	141	141	142	143	147	
149	151	154	157	162	163	163	164	172	174	174	175	177	177	181	184	192	194	198	202	
207	210	211	227	229	229	230	234	236	238	239	240	243	244	244	251	254	261	264	279	
281	289	290	292	294	309	310	310	318	322	322	329	331	337	338	341	343	351	353	358	
360	363	367	373	374	378	382	383	388	394	395	396	401	403	404	407	408	408	410	414	
416	418	427	432	433	433	435	437	443	443	452	454	471	476	478	480	481	482	488	491	
492	494	495	496	496	497	497	498	500	500	503	504	506	515	519	528	529	530	533	551	
552	563	574	575	580	585	586	593	594	599	604	616	620	623	627	629	629	630	631	633	
635	637	637	638	639	640	642	644	645	646	647	648	657	669	670	675	679	679	682	684	
698	699	699	702	709	711	715	715	716	717	718	721	721	731	733	737	739	741	747	751	
755	760	764	768	775	782	789	790	791	801	806	807	811	811	820	820	820	821	830	832	
840	850	853	864	865	868	881	885	887	891	893	895	896	899	900	900	902	905	907	915	
915	916	918	920	928	929	939	941	947	948	949	951	955	955	959	959	963	963	965	970	
975	975	980	981	985	988	991	994	1000	1005	1008	1017	1017	1019	1021	1026	1033	1035	1038	1041	
1051	1056	1057	1068	1069	1076	1081	1093	1096	1098	1099	1101	1104	1108	1109	1111	1114	1118	1120	1123	
1127	1133	1133	1133	1136	1137	1137	1146	1146	1146	1147	1151	1151	1160	1166	1166	1167	1172	1174	1182	
1185	1185	1186	1191	1192	1192	1202	1211	1214	1215	1216	1219	1222	1223	1224	1232	1232	1235	1237	1241	
1241	1242	1246	1256	1257	1270	1279	1280	1289	1290	1293	1297	1302	1304	1307	1307	1316	1317	1322	1324	
1325	1325	1332	1334	1336	1338	1341	1343	1343	1354	1364	1368	1369	1369	1372	1376	1377	1379	1384	1386	
1388	1390	1394	1399	1401	1402	1403	1410	1412	1415	1422	1423	1424	1425	1425	1426	1428	1432	1436	1437	
1439	1441	1441	1443	1444	1444	1444	1446	1446	1447	1451	1452	1453	1454	1455	1469	1469	1470	1470	1474	
1487	1488	1489	1499	1500	1501	1501	1502	1505	1506	1506	1510	1516	1522	1522	1523	1523	1526	1528	1535	
1537	1537	1538	1539	1540	1548	1549	1550	1554	1555	1560	1563	1563	1564	1564	1570	1570	1592	1601	1610	
1610	1622	1622	1624	1633	1636	1641	1642	1646	1649	1652	1654	1658	1664	1667	1667	1668	1672	1674	1674	
1681	1682	1683	1683	1683	1694	1694	1699	1702	1703	1704	1706	1707	1709	1710	1710	1711	1718	1719	1723	
1726	1749	1751	1752	1752	1753	1753	1754	1754	1758	1762	1771	1772	1773	1780	1782	1785	1787	1789	1790	
1795	1798	1799	1805	1806	1811	1816	1818	1819	1819	1821	1831	1837	1839	1839	1840	1842	1844	1846	1846	
1852	1853	1855	1857	1860	1860	1862	1863	1863	1864	1869	1870	1870	1872	1873	1876	1881	1887	1887	1890	
1893	1895	1910	1911	1913	1916	1919	1922	1930	1931	1931	1934	1939	1939	1943	1947	1950	1953	1956	1959	
1961	1965	1966	1967	1970	1972	1973	1991	1992	1994	1995	1995	1996	1998	2004	2005	2007	2007	2013	2015	
2016	2026	2038	2039	2042	2047	2049	2052	2057	2058	2060	2066	2068	2069	2069	2074	2075	2076	2080	2085	
2089	2097	2099	2100	2104	2104	2106	2120	2121	2121	2123	2126	2131	2131	2142	2143	2155	2157	2159	2160	
2163	2163	2164	2166	2166	2166	2167	2169	2173	2178	2180	2187	2191	2191	2192	2193	2194	2195	2197	2197	
2198	2201	2206	2216	2216	2223	2224	2225	2230	2233	2235	2237	2244	2247	2249	2255	2256	2257	2258	2260	
2267	2268	2268	2269	2270	2270	2272	2272	2273	2275	2277	2277	2282	2283	2285	2286	2286	2293	2294	2296	
2299	2306	2307	2311	2325	2326	2329	2329	2331	2333	2336	2339	2340	2342	2343	2344	2349	2349	2352	2352	
2359	2359	2361	2366	2366	2369	2369	2371	2377	2379	2390	2397	2400	2401	2404	2407	2408	2408	2414	2417	
2421	2428	2436	2442	2445	2446	2447	2450	2462	2464	2466	2466	2467	2467	2470	2477	2487	2488	2490	2491	
2491	2493	2493	2496	2498	2501	2501	2508	2518	2523	2523	2526	2534	2536	2537	2538	2546	2549	2553	2556	
2557	2559	2561	2563	2576	2579	2586	2593	2595	2600	2602	2604	2607	2614	2615	2616	2617	2619	2622	2625	
2625	2626	2627	2627	2629	2634	2640	2644	2644	2648	2648	2649	2650	2653	2654	2656	2659	2664	2670	2671	
2677	2678	2680	2680	2681	2681	2686	2688	2691	2691	2692	2694	2697	2704	2705	2707	2708	2709	2712	2718	
2727	2739	2740	2746	2754	2754	2759	2761	2763	2764	2764	2766	2766	2769	2770	2772	2783	2785	2787	2791	
2791	2792	2798	2800	2804	2805	2808	2808	2813	2813	2825	2827	2829	2830	2832	2842	2844	2846	2848	2851	
2852	2852	2854	2854	2856	2856	2856	2862	2870	2872	2873	2874	2877	2877	2878	2878	2878	2881	2882	2883	
2888	2894	2897	2902	2903	2908	2911	2912	2913	2920	2921	2925	2936	2936	2941	2943	2945	2949	2953	2955	
2956	2959	2964	2966	2972	2974	2982	2984	2985	2989	2999	3003	3004	3004	3006	3007	3012	3013	3015	3017	
3017	3019	3024	3034	3039	3042	3043	3044	3044	3045	3046	3047	3048	3048	3053	3056	3066	3068	3072	3077	
3079	3082	3089	3091	3091	3091	3092	3093	3096	3114	3117	3121	3140	3142	3145	3145	3146	3149	3150	3151	
3153	3153	3153	3160	3162	3174	3179	3181	3183	3184	3185	3188	3188	3206	3209	3218	3223	3228	3230	3234	
3236	3236	3237	3242	3245	3246	3247	3247	3251	3255	3257	3257	3259	3265	3266	3268	3274	3274	3275	3277	
3278	3280	3285	3287	3288	3290	3292	3292	3293	3293	3295	3299	3302	3303	3309	3310	3315	3327	3329	3329	
3339	3340	3345	3349	3350	3353	3354	3361	3362	3367	3369	3379	3388	3389	3390	3390	3395	3395	3398	3402	
3410	3411	3413	3413	3415	3417	3429	3432	3439	3439	3441	3443	3449	3453	3453	3457	3458	3458	3470	3472	
3473	3479	3481	3481	3482	3482	3487	3491	3501	3503	3503	3508	3509	3509	3512	3514	3519	3521	3522	3526	
3530	3531	3534	3534	3538	3539	3544	3545	3553	3553	3555	3555	3558	3558	3558	3558	3559	3560	3561	3566	
3567	3569	3570	3580	3583	3585	3590	3594	3599	3600	3602	3602	3610	3614	3625	3626	3629	3630	3632	3632	
3637	3640	3643	3647	3648	3653	3653	3655	3656	3675	3677	3679	3683	3688	3695	3701	3701	3702	3702	3710	
3716	3717	3721	3729	3735	3741	3742	3743	3745	3745	3746	3749	3752	3754	3762	3762	3765	3767	3767	3770	
3772	3774	3776	3782	3783	3789	3794	3798	3806	3809	3809	3810	3810	3811	3811	3814	3818	3818	3823	3823	
3824	3825	3827	3828	3834	3840	3841	3843	3844	3845	3845	3852	3852	3858	3859	3861	3867	3868	3870	3870	
3878	3880	3882	3884	3886	3889	3896	3898	3900	3907	3907	3921	3925	3926	3932	3934	3937	3938	3938	3939	
3939	3940	3940	3949	3950	3958	3960	3964	3968	3968	3969	3970	3972	3977	3977	3978	3979	3985	3991	3993	
3997	3999	4008	4012	4014	4016	4017	4024	4024	4025	4029	4032	4034	4040	4040	4041	4043	4044	4044	4044	
4045	4054	4055	4058	4061	4064	4064	4065	4065	4067	4075	4082	4086	4092	4092	4097	4098	4106	4106	4107	
4110	4118	4126	4133	4140	4152	4156	4158	4158	4165	4167	4169	4187	4194	4195	4199	4200	4203	4206	4209	
4210	4213	4215	4216	4217	4220	4229	4233	4234	4244	4247	4252	4254	4265	4268	4268	4270	4270	4270	4277	
4279	4282	4288	4302	4303	4303	4306	4309	4316	4320	4323	4325	4332	4332	4335	4337	4337	4338	4348	4351	
4353	4357	4358	4359	4360	4362	4363	4365	4369	4371	4371	4375	4377	4384	4393	4404	4406	4419	4419	4421	
4423	4430	4432	4432	4438	4445	4445	4449	4457	4458	4461	4463	4465	4466	4466	4469	4474	4474	4477	4482	
4487	4487	4488	4490	4502	4505	4505	4507	4515	4522	4527	4531	4532	4532	4534	4537	4539	4541	4555	4558	
4561	4564	4565	4569	4569	4578	4582	4582	4584	4588	4589	4593	4594	4598	4599	4599	4600	4602	4606	4609	
4610	4611	4613	4618	4629	4630	4638	4639	4640	4645	4651	4655	4659	4659	4665	4665	4670	4670	4671	4672	
4673	4677	4680	4682	4690	4699	4702	4702	4713	4713	4722	4727	4727	4729	4730	4731	4735	4741	4743	4746	
4747	4748	4749	4750	4753	4755	4761	4767	4771	4773	4773	4776	4786	4789	4790	4802	4804	4810	4815	4821	
4822	4828	4828	4828	4829	4836	4838	4841	4846	4849	4852	4854	4856	4857	4863	4865	4867	4867	4875	4876	
4876	4882	4884	4885	4887	4888	4898	4907	4909	4913	4917	4918	4918	4923	4924	4927	4929	4934	4938	4939	
4940	4941	4943	4944	4945	4945	4950	4951	4952	4969	4969	4973	4976	4977	4977	4978	4979	4982	4982	4985	
4988	4990	4992	5001	5012	5026	5027	5035	5036	5038	5043	5043	5044	5044	5047	5057	5065	5065	5065	5072	
5073	5075	5078	5083	5087	5087	5094	5104	5108	5110	5111	5113	5115	5117	5122	5128	5131	5132	5133	5138	
5140	5144	5147	5152	5156	5159	5160	5162	5164	5172	5173	5177	5178	5182	5182	5184	5186	5189	5193	5194	
5195	5195	5196	5196	5198	5199	5203	5209	5210	5210	5212	5220	5221	5222	5223	5225	5231	5233	5235	5236	
5237	5240	5240	5244	5246	5251	5252	5257	5259	5260	5266	5267	5269	5276	5276	5292	5293	5299	5300	5301	
5312	5315	5317	5318	5329	5336	5338	5338	5341	5341	5341	5345	5346	5350	5357	5358	5360	5360	5363	5368	
5374	5376	5376	5377	5378	5379	5379	5383	5383	5383	5389	5390	5391	5393	5394	5398	5403	5410	5413	5415	
5419	5425	5426	5432	5434	5435	5436	5443	5443	5445	5447	5449	5454	5460	5460	5462	5472	5473	5474	5475	
5476	5481	5490	5491	5492	5496	5497	5497	5501	5506	5507	5513	5521	5525	5528	5539	5540	5551	5558	5559	
5563	5565	5565	5572	5583	5590	5592	5597	5598	5599	5599	5608	5609	5610	5611	5614	5617	5618	5621	5623	
5624	5630	5632	5637	5647	5649	5652	5656	5656	5657	5659	5664	5664	5666	5671	5675	5675	5678	5679	5680	
5680	5682	5684	5684	5684	5686	5690	5691	5693	5696	5696	5697	5697	5701	5707	5707	5707	5710	5712	5713	
5713	5714	5714	5719	5733	5737	5747	5748	5750	5750	5755	5758	5762	5762	5764	5765	5776	5776	5788	5793	
5793	5797	5800	5803	5808	5808	5809	5811	5811	5812	5814	5816	5820	5821	5825	5825	5826	5827	5828	5830	
5837	5838	5839	5841	5842	5844	5847	5849	5856	5856	5857	5858	5859	5860	5862	5865	5869	5877	5881	5883	
5884	5890	5890	5893	5901	5904	5915	5916	5918	5925	5930	5932	5949	5958	5962	5964	5965	5966	5967	5968	
5975	5977	5978	5981	5987	5989	5993	5993	5994	5997	6002	6004	6011	6013	6014	6019	6029	6030	6043	6049	
6053	6055	6057	6059	6067	6067	6071	6072	6079	6082	6082	6085	6087	6089	6091	6102	6105	6106	6108	6108	
6115	6118	6118	6121	6121	6124	6126	6128	6139	6140	6145	6146	6153	6156	6166	6168	6168	6170	6171	6172	
6179	6180	6195	6197	6199	6202	6203	6203	6209	6215	6224	6224	6227	6232	6233	6237	6244	6246	6247	6247	
6251	6254	6258	6263	6265	6268	6270	6271	6272	6273	6275	6275	6277	6280	6281	6281	6281	6281	6285	6291	
6294	6298	6300	6306	6310	6312	6323	6327	6328	6331	6336	6337	6340	6341	6342	6347	6347	6355	6369	6370	
6378	6384	6385	6390	6392	6393	6400	6401	6403	6409	6424	6432	6434	6436	6438	6438	6439	6440	6442	6442	
6448	6448	6461	6469	6474	6474	6475	6479	6480	6482	6483	6484	6486	6491	6494	6500	6508	6512	6513	6516	
6521	6529	6531	6533	6533	6533	6535	6536	6547	6561	6564	6565	6568	6582	6586	6589	6596	6597	6606	6607	
6608	6611	6615	6616	6623	6625	6628	6629	6630	6633	6641	6641	6645	6648	6650	6654	6657	6662	6662	6664	
6665	6665	6666	6667	6669	6669	6671	6674	6674	6675	6691	6691	6693	6702	6707	6708	6710	6712	6713	6713	
6714	6721	6734	6738	6742	6744	6748	6749	6750	6751	6753	6754	6759	6762	6765	6766	6774	6779	6781	6785	
6793	6796	6799	6801	6802	6811	6814	6816	6816	6818	6820	6822	6831	6833	6834	6845	6858	6859	6862	6864	
6865	6869	6871	6876	6878	6882	6884	6886	6889	6897	6899	6904	6904	6906	6910	6914	6917	6918	6921	6921	
6933	6934	6936	6940	6940	6941	6943	6944	6944	6947	6948	6953	6953	6956	6960	6960	6960	6961	6961	6962	
6962	6963	6963	6966	6970	6970	6972	6978	6981	6984	6986	6988	6996	6998	7003	7005	7007	7011	7015	7017	
7020	7022	7024	7025	7033	7037	7038	7040	7040	7046	7051	7052	7053	7054	7054	7056	7057	7059	7066	7073	
7077	7079	7082	7084	7092	7092	7093	7095	7100	7104	7112	7123	7125	7133	7136	7137	7138	7147	7148	7148	
7149	7150	7154	7156	7156	7158	7158	7158	7161	7164	7168	7169	7170	7180	7184	7189	7191	7196	7196	7199	
7204	7205	7206	7219	7221	7223	7228	7233	7246	7250	7257	7259	7270	7277	7281	7286	7292	7293	7294	7299	
7300	7302	7305	7309	7309	7313	7314	7317	7323	7330	7337	7338	7339	7342	7345	7352	7354	7356	7357	7367	
7371	7378	7389	7390	7391	7391	7391	7391	7397	7398	7399	7400	7400	7401	7403	7409	7410	7422	7424	7429	
7433	7434	7439	7439	7447	7456	7467	7468	7468	7471	7471	7474	7475	7475	7487	7493	7495	7499	7504	7508	
7511	7511	7512	7514	7520	7522	7522	7524	7533	7537	7537	7537	7543	7545	7546	7553	7557	7557	7558	7563	
7565	7572	7578	7581	7586	7588	7591	7592	7595	7597	7600	7602	7603	7606	7607	7607	7611	7616	7617	7619	
7621	7621	7628	7651	7663	7669	7669	7669	7672	7675	7676	7678	7681	7681	7682	7686	7693	7702	7706	7708	
7708	7709	7710	7714	7717	7717	7718	7721	7727	7728	7733	7734	7740	7746	7750	7751	7755	7758	7769	7774	
7774	7774	7775	7778	7779	7779	7783	7785	7786	7786	7790	7795	7803	7803	7809	7809	7812	7812	7822	7829	
7830	7831	7835	7836	7837	7841	7845	7848	7849	7853	7854	7858	7862	7865	7870	7871	7872	7872	7874	7877	
7884	7884	7887	7887	7891	7893	7893	7893	7894	7896	7911	7917	7925	7926	7926	7928	7929	7932	7936	7937	
7941	7960	7961	7962	7962	7964	7965	7968	7975	7976	7976	7984	7987	7989	7990	7995	7995	7995	7996	7996	
7998	8007	8009	8011	8013	8015	8016	8018	8031	8032	8033	8039	8041	8041	8044	8050	8052	8053	8061	8061	
8062	8062	8063	8066	8073	8074	8075	8076	8077	8084	8088	8090	8095	8097	8102	8103	8113	8114	8115	8119	
8120	8121	8121	8122	8122	8125	8128	8131	8131	8134	8150	8150	8158	8158	8159	8172	8174	8184	8187	8187	
8189	8191	8200	8203	8203	8204	8206	8209	8211	8212	8213	8214	8217	8219	8219	8220	8221	8222	8226	8232	
8234	8236	8243	8244	8246	8249	8250	8251	8259	8262	8265	8268	8268	8271	8278	8278	8280	8285	8287	8289	
8291	8292	8299	8303	8314	8321	8335	8335	8336	8338	8338	8340	8344	8360	8363	8366	8367	8370	8376	8380	
8382	8385	8387	8388	8388	8389	8392	8392	8394	8400	8401	8409	8411	8413	8419	8423	8427	8430	8441	8445	
8447	8456	8457	8458	8463	8467	8467	8467	8473	8477	8481	8486	8490	8490	8491	8492	8497	8502	8502	8507	
8509	8510	8512	8513	8514	8524	8525	8540	8547	8548	8556	8562	8564	8565	8565	8568	8572	8583	8589	8589	
8590	8591	8593	8594	8595	8604	8604	8607	8607	8614	8617	8618	8638	8639	8644	8649	8650	8657	8663	8670	
8670	8673	8680	8682	8682	8685	8688	8691	8702	8706	8709	8716	8726	8728	8729	8733	8737	8742	8746	8747	
8749	8757	8757	8758	8760	8771	8772	8775	8775	8783	8785	8785	8789	8790	8798	8799	8803	8806	8808	8808	
8814	8814	8826	8827	8828	8828	8842	8846	8852	8855	8859	8860	8870	8873	8874	8875	8889	8891	8896	8897	
8908	8916	8916	8918	8920	8929	8934	8935	8941	8947	8948	8952	8959	8961	8962	8964	8964	8972	8973	8975	
8983	8986	8989	8991	8993	8993	9000	9000	9002	9003	9004	9005	9008	9008	9011	9019	9021	9024	9025	9025	
9036	9037	9039	9042	9043	9045	9051	9054	9055	9068	9069	9073	9074	9075	9084	9084	9087	9092	9103	9113	
9135	9139	9148	9152	9154	9157	9159	9167	9170	9171	9175	9175	9178	9179	9180	9183	9185	9201	9201	9204	
9206	9209	9209	9210	9211	9212	9214	9216	9219	9223	9226	9226	9227	9242	9244	9252	9260	9262	9264	9266	
9270	9271	9275	9275	9278	9280	9294	9298	9304	9304	9316	9322	9325	9327	9327	9328	9330	9331	9334	9337	
9344	9345	9351	9358	9359	9360	9360	9364	9365	9367	9367	9380	9386	9389	9389	9391	9391	9400	9400	9401	
9402	9404	9405	9406	9418	9428	9431	9432	9432	9434	9441	9444	9444	9445	9446	9450	9450	9451	9452	9459	
9468	9470	9472	9477	9478	9483	9484	9486	9502	9503	9507	9508	9511	9511	9513	9514	9514	9517	9518	9519	
9522	9528	9533	9534	9537	9537	9539	9555	9555	9565	9565	9566	9566	9571	9576	9579	9579	9582	9582	9584	
9588	9588	9589	9589	9590	9594	9599	9603	9608	9610	9616	9621	9623	9624	9624	9627	9629	9630	9630	9634	
9634	9637	9638	9642	9651	9651	9653	9657	9663	9665	9668	9673	9680	9683	9690	9690	9692	9692	9692	9695	
9701	9704	9705	9705	9707	9711	9714	9717	9718	9719	9724	9727	9736	9739	9754	9756	9766	9778	9779	9781	
9782	9791	9800	9808	9812	9815	9816	9818	9819	9822	9823	9823	9827	9827	9827	9831	9841	9845	9845	9846	
9847	9854	9857	9857	9859	9866	9866	9871	9877	9879	9880	9880	9887	9888	9891	9892	9894	9896	9899	9905	
9913	9915	9915	9921	9922	9924	9924	9933	9935	9939	9945	9956	9958	9958	9958	9961	9970	9970	9971	9984	
9984	9987	9993	10000	10009	10010	10017	10018	10021	10031	10041	10041	10045	10058	10061	10067	10068	10068	10068	10071	
10073	10073	10079	10086	10088	10089	10090	10091	10096	10105	10108	10108	10111	10112	10112	10115	10119	10126	10127	10130	
10132	10142	10143	10144	10146	10147	10147	10151	10153	10159	10163	10167	10167	10169	10169	10170	10171	10171	10172	10174	
10177	10179	10179	10185	10188	10191	10197	10200	10202	10205	10207	10216	10219	10219	10235	10237	10238	10248	10249	10250	
10256	10258	10258	10258	10262	10263	10265	10267	10273	10274	10275	10276	10276	10279	10283	10283	10287	10291	10294	10294	
10299	10305	10309	10310	10315	10316	10319	10326	10327	10329	10338	10342	10343	10346	10352	10352	10353	10354	10355	10361	
10364	10364	10373	10377	10381	10381	10384	10385	10387	10388	10388	10395	10396	10398	10398	10403	10406	10406	10408	10411	
10414	10415	10418	10420	10425	10425	10434	10435	10436	10438	10438	10444	10445	10466	10469	10470	10471	10474	10479	10481	
10484	10484	10490	10496	10512	10521	10522	10523	10526	10536	10541	10543	10545	10551	10551	10552	10553	10553	10554	10556	
10557	10557	10557	10566	10567	10568	10571	10573	10580	10581	10584	10585	10587	10595	10600	10603	10604	10614	10616	10621	
10627	10636	10636	10637	10637	10639	10641	10641	10645	10653	10655	10665	10667	10668	10668	10670	10670	10675	10675	10681	
10681	10686	10688	10689	10693	10695	10699	10700	10701	10703	10706	10708	10719	10721	10722	10726	10726	10731	10731	10734	
10736	10741	10745	10745	10746	10749	10757	10762	10762	10763	10764	10765	10771	10771	10773	10775	10786	10792	10795	10796	
10798	10799	10802	10804	10808	10810	10810	10813	10814	10824	10824	10826	10829	10831	10834	10836	10837	10842	10845	10864	
10869	10870	10875	10884	10887	10896	10899	10908	10909	10909	10911	10914	10916	10918	10918	10924	10926	10929	10932	10932	
10934	10936	10937	10939	10940	10944	10944	10944	10947	10955	10960	10962	10964	10968	10971	10971	10971	10976	10977	10978	
10981	10993	10995	11002	11003	11004	11008	11010	11015	11020	11021	11030	11034	11045	11050	11052	11058	11059	11067	11073	
11077	11078	11082	11084	11090	11093	11094	11094	11095	11096	11103	11104	11106	11108	11111	11116	11117	11123	11124	11125	
11132	11136	11137	11140	11141	11143	11145	11146	11153	11161	11161	11164	11166	11168	11170	11176	11182	11182	11183	11184	
11186	11193	11195	11201	11207	11211	11213	11218	11224	11225	11225	11226	11228	11234	11235	11239	11240	11248	11249	11251	
11253	11255	11255	11256	11257	11258	11263	11269	11273	11278	11285	11288	11291	11295	11297	11300	11304	11304	11306	11307	
11308	11311	11315	11317	11319	11327	11328	11334	11334	11340	11341	11351	11351	11351	11352	11353	11359	11367	11368	11368	
11377	11379	11381	11381	11382	11384	11393	11394	11394	11395	11406	11407	11407	11414	11428	11434	11443	11445	11450	11452	
11458	11459	11460	11460	11461	11461	11462	11462	11467	11470	11471	11472	11476	11480	11480	11481	11484	11487	11488	11490	
11497	11507	11511	11512	11514	11520	11523	11525	11525	11525	11525	11533	11535	11536	11536	11538	11538	11543	11546	11549	
11552	11561	11564	11568	11578	11578	11579	11583	11586	11591	11593	11594	11597	11603	11604	11605	11606	11607	11616	11620	
11623	11624	11633	11636	11636	11641	11642	11643	11652	11654	11656	11661	11663	11664	11672	11672	11673	11676	11678	11686	
11693	11693	11695	11698	11708	11711	11716	11717	11718	11719	11723	11724	11728	11731	11734	11738	11749	11752	11753	11753	
11757	11758	11758	11760	11765	11769	11778	11784	11788	11790	11791	11798	11799	11803	11809	11817	11821	11825	11827	11839	
11840	11841	11842	11846	11850	11855	11857	11875	11882	11884	11885	11886	11888	11893	11893	11897	11900	11900	11901	11901	
11906	11916	11917	11921	11926	11941	11942	11948	11949	11954	11956	11961	11965	11965	11971	11972	11973	11976	11978	11982	
11985	11991	11992	11996	12003	12006	12009	12009	12011	12013	12013	12018	12022	12023	12027	12032	12039	12040	12047	12048	
12051	12051	12055	12055	12056	12057	12057	12072	12072	12074	12074	12079	12082	12085	12093	12096	12097	12099	12100	12104	
12106	12110	12111	12116	12122	12123	12126	12133	12134	12139	12139	12141	12163	12166	12167	12169	12171	12171	12172	12180	
12180	12181	12182	12183	12184	12185	12186	12188	12190	12197	12198	12204	12204	12208	12214	12217	12218	12219	12219	12224	
12225	12227	12231	12231	12239	12240	12241	12241	12241	12243	12243	12244	12248	12251	12253	12256	12264	12264	12268	12271	
12276	12279	12282	12289	12291	12296	12297	12302	12310	12310	12313	12316	12317	12317	12320	12320	12321	12324	12333	12333	
12336	12338	12340	12343	12344	12345	12346	12346	12349	12352	12352	12352	12355	12361	12363	12371	12387	12390	12391	12396	
12398	12401	12404	12405	12420	12422	12424	12429	12437	12444	12445	12447	12450	12450	12452	12454	12459	12463	12467	12467	
12467	12474	12474	12479	12483	12484	12486	12486	12488	12489	12494	12498	12499	12504	12505	12511	12511	12513	12515	12517	
12520	12526	12530	12532	12532	12534	12534	12550	12552	12554	12557	12559	12559	12563	12565	12566	12567	12569	12573	12574	
12576	12577	12578	12580	12581	12584	12603	12605	12608	12608	12615	12620	12622	12622	12629	12629	12634	12638	12641	12647	
12652	12654	12654	12656	12659	12673	12677	12677	12683	12695	12696	12699	12702	12706	12709	12717	12723	12729	12729	12732	
12732	12733	12734	12737	12737	12743	12746	12746	12751	12753	12764	12765	12765	12766	12773	12775	12777	12782	12783	12786	
12787	12795	12795	12798	12798	12798	12800	12805	12807	12812	12819	12821	12823	12849	12853	12857	12857	12862	12868	12871	
12874	12874	12877	12885	12889	12896	12901	12909	12910	12913	12915	12919	12921	12926	12930	12931	12932	12932	12933	12935	
12938	12942	12947	12950	12957	12968	12979	12986	12995	12996	12998	13000	13000	13004	13006	13010	13013	13014	13015	13017	
13030	13042	13043	13045	13047	13057	13059	13062	13063	13064	13069	13070	13072	13082	13089	13089	13092	13092	13094	13098	
13099	13100	13101	13108	13109	13114	13114	13115	13116	13119	13121	13122	13123	13129	13132	13135	13139	13142	13145	13146	
13150	13160	13161	13166	13167	13170	13171	13175	13179	13180	13185	13190	13193	13199	13200	13200	13202	13203	13205	13206	
13214	13216	13218	13224	13226	13227	13235	13235	13243	13245	13247	13253	13254	13255	13256	13271	13278	13281	13287	13287	
13289	13290	13302	13302	13302	13308	13309	13310	13313	13314	13319	13323	13326	13328	13330	13336	13338	13339	13339	13346	
13360	13361	13363	13372	13377	13379	13379	13380	13380	13381	13384	13393	13398	13406	13406	13407	13411	13418	13422	13425	
13428	13429	13430	13438	13441	13443	13453	13456	13460	13462	13464	13474	13480	13485	13491	13492	13492	13502	13511	13514	
13514	13514	13521	13523	13523	13524	13528	13531	13532	13536	13537	13538	13547	13548	13550	13553	13567	13571	13573	13574	
13581	13585	13592	13594	13595	13599	13607	13609	13610	13617	13618	13621	13626	13628	13628	13630	13632	13635	13646	13650	
13651	13657	13660	13662	13669	13671	13673	13676	13679	13680	13684	13684	13684	13686	13690	13690	13693	13694	13698	13700	
13705	13710	13710	13712	13715	13718	13726	13727	13736	13736	13739	13739	13742	13744	13744	13748	13749	13751	13753	13755	
13765	13765	13766	13769	13770	13773	13773	13773	13773	13775	13778	13783	13786	13787	13790	13798	13799	13803	13804	13806	
13809	13818	13820	13827	13828	13832	13833	13841	13843	13846	13851	13854	13855	13870	13872	13873	13896	13900	13903	13912	
13916	13921	13923	13928	13930	13931	13933	13935	13938	13939	13943	13944	13964	13967	13972	13974	13975	13979	13981	13983	
13983	13985	13988	13989	13989	13999	14000	14000	14003	14005	14008	14009	14009	14011	14016	14019	14031	14035	14043	14044	
14050	14059	14063	14070	14071	14072	14083	14083	14086	14087	14094	14097	14100	14101	14103	14106	14107	14109	14118	14120	
14125	14126	14126	14129	14131	14141	14145	14146	14146	14148	14150	14150	14151	14152	14158	14163	14163	14163	14168	14170	
14177	14178	14180	14189	14189	14191	14205	14211	14212	14214	14214	14215	14216	14218	14221	14223	14231	14244	14246	14252	
14253	14259	14269	14272	14272	14275	14284	14287	14297	14314	14321	14322	14322	14323	14326	14334	14348	14350	14355	14362	
14376	14376	14377	14380	14385	14387	14390	14397	14397	14401	14402	14402	14406	14409	14418	14420	14420	14430	14432	14435	
14436	14439	14442	14444	14445	14446	14446	14446	14447	14477	14482	14483	14488	14488	14489	14489	14490	14493	14502	14506	
14512	14513	14516	14517	14520	14524	14526	14530	14531	14533	14534	14534	14534	14536	14539	14539	14542	14557	14560	14561	
14562	14568	14569	14571	14574	14575	14577	14578	14580	14585	14591	14593	14596	14597	14597	14600	14604	14608	14608	14609	
14611	14611	14612	14615	14618	14620	14630	14633	14635	14638	14639	14640	14642	14650	14650	14650	14655	14657	14657	14665	
14665	14666	14672	14673	14675	14679	14679	14691	14698	14699	14703	14704	14707	14710	14711	14716	14716	14731	14733	14733	
14734	14740	14747	14747	14748	14748	14752	14757	14758	14761	14764	14764	14768	14769	14775	14782	14782	14782	14782	14784	
14790	14791	14801	14802	14803	14805	14810	14814	14815	14816	14819	14826	14827	14827	14831	14834	14841	14842	14846	14848	
14851	14853	14854	14855	14858	14865	14870	14872	14876	14878	14880	14880	14897	14900	14902	14913	14915	14916	14918	14918	
14922	14923	14926	14926	14928	14931	14933	14935	14936	14947	14959	14963	14963	14963	14964	14964	14968	14978	14982	14990	
14992	14993	14995	14997	14998	14999	15000	15006	15006	15006	15008	15012	15015	15017	15020	15022	15023	15028	15033	15034	
15034	15035	15038	15043	15047	15051	15052	15054	15056	15061	15064	15071	15078	15079	15084	15085	15090	15095	15098	15100	
15102	15103	15105	15114	15117	15121	15126	15127	15130	15131	15131	15133	15141	15160	15162	15163	15169	15173	15177	15177	
15181	15184	15187	15192	15192	15195	15203	15205	15206	15214	15215	15221	15226	15227	15231	15232	15233	15238	15239	15241	
15248	15250	15250	15268	15269	15269	15271	15277	15278	15282	15282	15284	15285	15293	15295	15301	15302	15304	15305	15305	
15306	15308	15313	15314	15315	15318	15319	15323	15324	15324	15326	15330	15332	15340	15345	15346	15352	15353	15362	15364	
15368	15380	15381	15382	15382	15395	15402	15404	15407	15408	15410	15413	15414	15425	15429	15433	15437	15437	15438	15440	
15442	15446	15446	15451	15455	15466	15470	15479	15483	15494	15495	15496	15497	15497	15504	15504	15515	15516	15517	15524	
15530	15533	15534	15537	15542	15543	15545	15552	15554	15557	15559	15560	15563	15566	15573	15575	15579	15581	15582	15584	
15584	15588	15590	15594	15595	15597	15606	15607	15608	15613	15615	15616	15623	15624	15627	15629	15629	15630	15630	15634	
15636	15636	15640	15642	15643	15645	15647	15649	15653	15661	15664	15668	15668	15670	15675	15677	15680	15680	15683	15685	
15687	15687	15694	15697	15698	15700	15702	15703	15703	15705	15707	15708	15709	15710	15711	15719	15719	15721	15723	15726	
15729	15740	15740	15741	15744	15747	15748	15753	15754	15755	15757	15760	15763	15791	15792	15795	15809	15837	15840	15843	
15852	15862	15863	15864	15865	15869	15869	15869	15873	15875	15878	15880	15881	15885	15887	15889	15889	15890	15895	15898	
15902	15904	15905	15909	15910	15914	15914	15922	15924	15924	15927	15927	15936	15938	15941	15941	15944	15947	15953	15965	
15966	15968	15972	15973	15982	15984	15985	15985	15988	15992	15995	15998	15999	16002	16008	16011	16017	16018	16019	16023	
16025	16029	16031	16036	16040	16042	16045	16045	16048	16058	16059	16063	16066	16066	16067	16067	16070	16071	16072	16077	
16087	16088	16092	16101	16107	16112	16113	16124	16124	16129	16136	16138	16140	16141	16145	16148	16154	16155	16155	16167	
16173	16182	16182	16186	16188	16195	16199	16199	16203	16206	16209	16210	16211	16215	16217	16224	16225	16227	16227	16227	
16232	16240	16241	16244	16254	16263	16274	16275	16277	16278	16279	16283	16302	16305	16305	16307	16308	16312	16314	16314	
16315	16315	16324	16328	16329	16342	16343	16346	16349	16349	16352	16357	16357	16361	16363	16367	16367	16373	16382	16392	
16393	16394	16398	16401	16401	16403	16404	16404	16405	16408	16412	16416	16420	16421	16421	16423	16425	16427	16429	16432	
16438	16438	16442	16448	16451	16454	16458	16458	16463	16468	16471	16473	16475	16479	16480	16491	16492	16497	16498	16499	
16503	16504	16505	16505	16511	16514	16525	16527	16528	16531	16531	16533	16538	16548	16556	16561	16561	16566	16575	16575	
16586	16598	16605	16609	16611	16616	16621	16625	16625	16626	16630	16634	16639	16640	16644	16649	16651	16651	16653	16658	
16662	16663	16665	16679	16680	16686	16688	16688	16689	16692	16697	16702	16705	16705	16706	16708	16708	16709	16709	16718	
16718	16723	16727	16729	16730	16732	16735	16744	16746	16746	16746	16748	16754	16758	16759	16764	16769	16775	16775	16776	
16778	16779	16781	16782	16782	16783	16785	16797	16798	16801	16804	16806	16808	16809	16811	16819	16823	16827	16827	16832	
16833	16836	16843	16848	16849	16850	16852	16864	16869	16874	16875	16879	16882	16883	16884	16887	16889	16890	16895	16897	
16897	16898	16901	16902	16905	16914	16918	16922	16923	16923	16923	16923	16925	16926	16929	16930	16934	16936	16937	16938	
16951	16958	16961	16961	16961	16965	16967	16973	16975	16986	17003	17010	17016	17019	17021	17023	17024	17024	17025	17027	
17029	17030	17031	17033	17035	17039	17048	17049	17050	17059	17064	17067	17068	17069	17070	17070	17072	17077	17084	17087	
17092	17095	17096	17097	17098	17100	17102	17103	17104	17106	17110	17114	17116	17116	17118	17119	17120	17121	17128	17129	
17131	17137	17144	17148	17150	17155	17156	17156	17157	17161	17165	17170	17171	17171	17176	17177	17179	17181	17183	17184	
17188	17194	17204	17211	17215	17218	17220	17220	17221	17222	17227	17227	17232	17232	17240	17241	17243	17253	17257	17257	
17261	17264	17265	17274	17274	17274	17275	17276	17287	17290	17293	17300	17304	17310	17321	17327	17327	17329	17331	17343	
17345	17346	17349	17352	17352	17353	17354	17360	17361	17364	17366	17367	17367	17370	17380	17384	17389	17389	17390	17395	
17404	17410	17419	17420	17420	17424	17428	17440	17448	17449	17449	17451	17451	17453	17454	17455	17457	17463	17466	17467	
17467	17467	17468	17469	17470	17471	17494	17494	17494	17501	17503	17505	17511	17513	17521	17523	17525	17525	17527	17529	
17531	17534	17536	17541	17541	17547	17549	17555	17556	17570	17571	17572	17574	17576	17578	17582	17584	17584	17590	17594	
17595	17599	17601	17603	17603	17604	17619	17627	17634	17636	17641	17641	17645	17646	17650	17653	17657	17660	17663	17666	
17669	17675	17675	17678	17680	17683	17686	17687	17688	17693	17696	17701	17703	17704	17706	17707	17708	17710	17713	17713	
17715	17720	17721	17721	17724	17728	17730	17734	17747	17756	17758	17758	17760	17761	17762	17768	17771	17784	17785	17789	
17800	17802	17807	17810	17812	17818	17825	17826	17836	17837	17838	17840	17844	17847	17848	17850	17851	17851	17854	17854	
17855	17855	17860	17867	17868	17878	17879	17886	17892	17893	17893	17905	17913	17913	17923	17924	17926	17932	17934	17935	
17936	17943	17945	17946	17961	17963	17973	17975	17976	17978	17984	17985	17986	17988	17992	17992	17994	17996	18000	18008	
18008	18009	18013	18015	18016	18020	18032	18032	18034	18037	18037	18039	18040	18041	18046	18049	18050	18053	18055	18059	
18059	18074	18075	18075	18076	18078	18081	18081	18082	18091	18097	18100	18100	18102	18104	18109	18111	18113	18115	18124	
18124	18134	18137	18140	18142	18143	18148	18151	18151	18151	18154	18169	18169	18171	18172	18172	18173	18173	18174	18177	
18177	18182	18183	18186	18194	18202	18202	18203	18205	18211	18211	18220	18222	18230	18236	18252	18255	18256	18261	18265	
18275	18276	18278	18291	18292	18294	18299	18306	18308	18313	18317	18319	18322	18324	18326	18327	18327	18330	18332	18332	
18339	18340	18340	18341	18345	18349	18351	18353	18356	18360	18362	18364	18364	18372	18372	18372	18373	18376	18378	18382	
18384	18384	18385	18391	18392	18392	18396	18399	18400	18402	18402	18406	18406	18409	18422	18422	18434	18435	18443	18443	
18443	18445	18446	18449	18451	18452	18460	18461	18462	18467	18469	18472	18473	18476	18476	18489	18493	18503	18503	18506	
18517	18519	18526	18527	18532	18534	18535	18538	18546	18546	18549	18551	18554	18554	18555	18555	18561	18561	18563	18565	
18571	18573	18586	18587	18592	18592	18597	18598	18599	18601	18602	18614	18616	18617	18618	18619	18621	18629	18630	18631	
18632	18640	18647	18648	18651	18653	18654	18662	18662	18663	18665	18668	18669	18669	18681	18681	18681	18683	18686	18686	
18692	18695	18699	18699	18706	18708	18716	18718	18732	18732	18732	18745	18746	18747	18751	18754	18756	18757	18763	18763	
18768	18769	18770	18774	18780	18806	18816	18825	18830	18832	18836	18837	18842	18842	18863	18864	18869	18871	18872	18874	
18875	18878	18882	18883	18884	18898	18898	18899	18903	18912	18912	18916	18917	18918	18919	18926	18928	18931	18937	18945	
18950	18953	18954	18956	18961	18965	18966	18966	18967	18968	18973	18975	18982	18987	18993	19010	19011	19015	19018	19020	
19021	19022	19024	19036	19036	19039	19040	19042	19049	19050	19054	19057	19062	19063	19063	19069	19072	19074	19087	19089	
19090	19095	19096	19101	19103	19104	19107	19108	19109	19112	19115	19116	19117	19123	19126	19133	19138	19144	19145	19145	
19149	19151	19153	19156	19158	19159	19160	19161	19164	19165	19166	19167	19167	19169	19172	19175	19177	19180	19185	19187	
19188	19189	19189	19190	19190	19192	19197	19200	19203	19209	19212	19213	19213	19214	19216	19219	19220	19225	19228	19232	
19237	19254	19262	19265	19273	19275	19276	19276	19283	19284	19294	19294	19296	19306	19308	19310	19311	19313	19313	19315	
19315	19316	19316	19317	19319	19319	19322	19322	19322	19326	19327	19333	19337	19340	19347	19348	19362	19368	19370	19371	
19376	19384	19386	19387	19390	19390	19392	19394	19401	19401	19403	19408	19408	19413	19414	19424	19427	19428	19433	19433	
19433	19435	19435	19438	19444	19445	19446	19450	19450	19450	19451	19453	19453	19453	19454	19455	19463	19463	19463	19469	
19470	19473	19475	19478	19481	19482	19487	19504	19505	19507	19507	19513	19515	19517	19518	19520	19527	19531	19534	19540	
19542	19544	19546	19547	19550	19553	19554	19555	19557	19559	19561	19565	19568	19569	19573	19574	19578	19582	19583	19584	
19591	19593	19594	19607	19611	19612	19613	19615	19616	19617	19626	19626	19627	19627	19627	19631	19638	19642	19643	19646	
19656	19658	19661	19671	19673	19675	19679	19680	19681	19691	19693	19693	19694	19703	19706	19707	19708	19710	19714	19724	
19725	19729	19733	19733	19739	19739	19742	19752	19757	19760	19766	19767	19769	19769	19770	19792	19797	19804	19806	19810	
19818	19818	19818	19821	19830	19832	19838	19848	19849	19860	19866	19873	19874	19893	19896	19897	19901	19902	19904	19909	
19916	19917	19919	19922	19923	19923	19926	19928	19935	19936	19937	19942	19945	19946	19948	19954	19956	19963	19968	19969	
19975	19976	19977	19977	19981	19982	19983	19983	19986	19989	20000	20003	20015	20017	20023	20024	20033	20035	20035	20036	
20036	20037	20042	20043	20045	20048	20050	20055	20060	20061	20062	20065	20069	20073	20078	20089	20090	20094	20096	20097	
20099	20100	20106	20108	20109	20109	20111	20115	20117	20126	20127	20129	20130	20150	20167	20168	20169	20172	20178	20179	
20180	20184	20186	20197	20209	20222	20222	20224	20225	20232	20237	20239	20242	20249	20251	20258	20262	20270	20279	20280	
20285	20298	20299	20302	20309	20310	20324	20325	20325	20326	20327	20327	20329	20332	20334	20335	20340	20343	20343	20345	
20353	20354	20356	20358	20365	20368	20370	20370	20378	20382	20383	20390	20393	20396	20396	20396	20402	20404	20410	20413	
20417	20418	20419	20424	20426	20433	20433	20434	20434	20437	20438	20444	20446	20447	20449	20449	20450	20452	20454	20455	
20460	20461	20462	20470	20470	20471	20482	20482	20483	20489	20491	20492	20492	20493	20495	20496	20498	20502	20505	20506	
20508	20511	20515	20518	20522	20532	20533	20538	20541	20542	20543	20545	20554	20557	20557	20559	20559	20561	20565	20566	
20566	20568	20569	20569	20571	20592	20592	20596	20596	20600	20604	20605	20609	20609	20615	20616	20617	20619	20623	20625	
20625	20629	20635	20636	20637	20640	20640	20640	20642	20643	20646	20648	20653	20656	20660	20661	20662	20662	20664	20664	
20664	20667	20675	20678	20679	20680	20681	20684	20684	20686	20692	20692	20693	20694	20695	20697	20699	20707	20712	20713	
20719	20725	20729	20733	20733	20733	20736	20739	20740	20742	20762	20767	20769	20778	20782	20803	20804	20805	20807	20808	
20809	20812	20817	20823	20823	20828	20833	20833	20834	20838	20841	20845	20848	20850	20853	20854	20856	20856	20858	20859	
20862	20866	20867	20876	20876	20880	20883	20885	20885	20895	20896	20912	20915	20918	20922	20922	20924	20925	20928	20928	
20930	20931	20933	20935	20938	20939	20941	20943	20948	20951	20952	20957	20958	20960	20961	20963	20967	20969	20974	20979	
20981	20982	20987	20990	20991	20995	21001	21009	21015	21024	21026	21027	21027	21030	21031	21032	21032	21033	21039	21041	
21042	21046	21047	21051	21051	21051	21056	21058	21063	21064	21068	21075	21079	21084	21091	21091	21092	21096	21097	21099	
21101	21110	21114	21116	21118	21121	21124	21124	21125	21126	21127	21127	21128	21133	21135	21135	21136	21141	21142	21142	
21150	21153	21160	21162	21171	21173	21176	21179	21184	21189	21192	21194	21195	21195	21198	21199	21202	21207	21217	21226	
21228	21229	21236	21240	21241	21249	21251	21253	21261	21262	21266	21267	21267	21267	21267	21271	21271	21274	21285	21286	
21291	21292	21294	21296	21297	21297	21297	21298	21299	21300	21304	21307	21314	21315	21319	21323	21324	21326	21332	21333	
21335	21336	21337	21339	21340	21340	21344	21346	21348	21350	21350	21353	21353	21359	21359	21360	21361	21367	21369	21377	
21378	21378	21383	21388	21389	21395	21395	21397	21398	21399	21408	21408	21409	21411	21411	21412	21416	21416	21417	21419	
21419	21419	21420	21426	21436	21441	21442	21445	21446	21451	21453	21455	21457	21457	21460	21461	21470	21471	21473	21478	
21483	21484	21488	21490	21491	21499	21501	21506	21509	21516	21517	21518	21519	21521	21527	21528	21529	21531	21536	21538	
21539	21540	21547	21547	21548	21550	21553	21554	21555	21556	21560	21564	21566	21567	21570	21570	21572	21574	21575	21575	
21575	21580	21581	21583	21584	21592	21592	21595	21598	21601	21613	21617	21619	21620	21623	21625	21626	21627	21635	21641	
21641	21648	21648	21651	21651	21654	21657	21660	21661	21664	21668	21674	21676	21679	21679	21679	21684	21686	21688	21699	
21699	21700	21705	21706	21711	21715	21715	21716	21726	21726	21727	21730	21732	21736	21736	21736	21737	21737	21738	21739	
21741	21744	21752	21753	21757	21760	21760	21761	21767	21769	21771	21772	21773	21774	21777	21778	21779	21787	21791	21792	
21794	21794	21803	21810	21813	21814	21818	21819	21827	21829	21830	21831	21838	21839	21839	21839	21850	21852	21865	21868	
21870	21874	21879	21887	21887	21888	21891	21897	21904	21911	21911	21911	21917	21918	21921	21933	21933	21934	21935	21938	
21940	21942	21942	21950	21954	21955	21957	21961	21963	21964	21969	21971	21972	21975	21979	21980	21980	21981	21982	21983	
21983	21985	21986	21992	22007	22010	22013	22016	22016	22019	22021	22026	22028	22033	22042	22044	22049	22050	22055	22059	
22062	22063	22071	22079	22083	22084	22085	22102	22104	22110	22114	22115	22120	22121	22122	22123	22129	22131	22131	22139	
22144	22150	22152	22156	22158	22161	22164	22166	22167	22168	22169	22172	22175	22180	22180	22182	22183	22184	22186	22190	
22202	22209	22209	22213	22215	22220	22224	22224	22231	22236	22238	22248	22251	22251	22255	22261	22261	22266	22271	22277	
22285	22290	22295	22296	22301	22303	22315	22316	22317	22318	22331	22333	22334	22339	22345	22346	22348	22349	22352	22352	
22362	22368	22371	22372	22374	22377	22382	22393	22396	22399	22399	22403	22404	22407	22408	22416	22424	22427	22428	22429	
22437	22438	22439	22443	22448	22461	22466	22466	22471	22472	22472	22473	22475	22480	22480	22483	22485	22487	22492	22494	
22504	22505	22510	22518	22519	22520	22521	22523	22523	22542	22554	22557	22560	22560	22560	22561	22562	22563	22566	22566	
22571	22573	22574	22580	22580	22585	22587	22590	22597	22599	22601	22607	22607	22618	22618	22618	22625	22627	22628	22628	
22630	22639	22644	22645	22645	22653	22653	22656	22658	22662	22663	22664	22672	22676	22678	22679	22679	22697	22697	22698	
22700	22707	22708	22713	22714	22716	22723	22733	22735	22741	22744	22750	22750	22752	22758	22767	22772	22776	22783	22783	
22785	22787	22789	22794	22795	22800	22802	22805	22806	22808	22813	22816	22824	22827	22833	22834	22836	22840	22841	22849	
22860	22860	22862	22866	22869	22872	22882	22886	22891	22891	22894	22894	22901	22907	22909	22913	22914	22919	22920	22933	
22934	22934	22934	22934	22934	22935	22937	22938	22938	22943	22944	22944	22947	22948	22948	22950	22951	22951	22951	22952	
22952	22956	22959	22960	22962	22963	22966	22967	22967	22967	22970	22971	22974	22974	22975	22977	22977	22983	22995	23004	
23009	23015	23020	23021	23025	23026	23026	23027	23027	23028	23030	23032	23039	23043	23050	23052	23053	23054	23054	23066	
23067	23068	23070	23077	23077	23079	23081	23083	23083	23085	23085	23087	23089	23090	23090	23095	23101	23106	23110	23119	
23120	23123	23126	23129	23130	23130	23130	23133	23140	23141	23155	23157	23157	23159	23162	23168	23172	23175	23180	23181	
23188	23201	23202	23203	23205	23209	23223	23225	23227	23228	23231	23233	23234	23234	23241	23247	23255	23257	23258	23259	
23261	23266	23267	23268	23268	23272	23274	23274	23277	23283	23284	23289	23292	23293	23293	23297	23302	23304	23304	23305	
23308	23309	23310	23312	23316	23317	23320	23325	23329	23346	23348	23351	23354	23355	23356	23366	23369	23369	23370	23372	
23373	23376	23392	23394	23396	23401	23414	23415	23417	23417	23419	23420	23425	23425	23429	23430	23432	23434	23438	23459	
23462	23468	23471	23472	23473	23474	23475	23479	23482	23484	23485	23485	23493	23497	23503	23506	23517	23518	23519	23521	
23536	23543	23557	23559	23563	23565	23586	23595	23597	23600	23601	23601	23604	23607	23616	23626	23629	23631	23632	23632	
23643	23643	23651	23652	23655	23658	23659	23661	23661	23662	23663	23663	23669	23677	23678	23680	23681	23685	23689	23699	
23699	23700	23701	23705	23711	23715	23716	23717	23719	23721	23722	23725	23732	23737	23745	23748	23749	23751	23756	23757	
23760	23760	23763	23778	23779	23780	23783	23783	23785	23785	23787	23793	23793	23793	23794	23795	23797	23800	23805	23808	
23808	23811	23815	23819	23821	23829	23830	23834	23834	23836	23838	23839	23839	23840	23841	23842	23845	23861	23863	23865	
23865	23866	23870	23874	23875	23875	23876	23878	23881	23884	23885	23899	23901	23902	23903	23904	23905	23908	23914	23921	
23923	23924	23935	23935	23942	23948	23949	23952	23955	23960	23961	23966	23971	23980	23992	23994	23995	23996	24001	24002	
24005	24010	24022	24023	24029	24040	24042	24044	24044	24046	24046	24048	24059	24059	24065	24066	24066	24074	24074	24080	
24082	24084	24084	24085	24087	24092	24093	24095	24099	24105	24113	24115	24124	24131	24131	24132	24133	24144	24146	24147	
24148	24158	24164	24169	24175	24185	24186	24186	24187	24187	24187	24190	24193	24193	24201	24202	24212	24213	24220	24222	
24231	24233	24234	24234	24238	24239	24239	24241	24245	24247	24249	24251	24252	24255	24259	24261	24264	24268	24268	24268	
24270	24281	24288	24290	24296	24302	24305	24306	24307	24308	24309	24311	24317	24318	24325	24328	24330	24332	24338	24339	
24339	24342	24344	24346	24347	24349	24353	24355	24359	24362	24367	24368	24371	24372	24372	24374	24375	24384	24386	24386	
24391	24391	24399	24400	24400	24414	24420	24424	24424	24427	24433	24434	24434	24443	24451	24453	24461	24467	24470	24471	
24481	24486	24489	24490	24491	24496	24505	24507	24513	24515	24516	24517	24523	24524	24524	24525	24526	24536	24539	24540	
24542	24548	24554	24562	24563	24571	24578	24581	24583	24584	24587	24587	24596	24599	24608	24610	24614	24620	24622	24632	
24636	24637	24639	24642	24643	24645	24650	24660	24664	24667	24678	24680	24681	24682	24682	24690	24692	24707	24710	24711	
24713	24713	24714	24716	24722	24722	24723	24725	24725	24725	24729	24731	24731	24733	24741	24742	24745	24749	24759	24763	
24765	24767	24768	24768	24771	24773	24774	24777	24779	24780	24789	24794	24802	24806	24811	24813	24813	24814	24815	24822	
24826	24832	24832	24833	24834	24834	24836	24839	24844	24847	24848	24856	24856	24858	24864	24867	24869	24875	24877	24880	
24890	24891	24893	24899	24903	24905	24907	24910	24915	24917	24920	24921	24922	24922	24922	24923	24924	24929	24931	24931	
24948	24952	24954	24967	24972	24973	24974	24975	24977	24977	24977	24979	24982	24985	24993	24995	24998	25006	25009	25011	
25015	25022	25023	25023	25042	25048	25054	25058	25059	25061	25065	25066	25069	25081	25087	25088	25092	25096	25096	25101	
25106	25111	25114	25116	25117	25121	25121	25123	25127	25133	25141	25141	25146	25149	25162	25165	25166	25167	25171	25181	
25183	25195	25196	25202	25203	25203	25205	25210	25213	25218	25218	25222	25226	25227	25228	25233	25235	25241	25242	25243	
25244	25244	25247	25255	25258	25261	25265	25272	25279	25279	25279	25280	25292	25293	25309	25312	25321	25327	25330	25334	
25334	25334	25345	25347	25349	25350	25357	25360	25372	25374	25376	25380	25384	25389	25393	25399	25403	25406	25411	25418	
25428	25430	25434	25436	25437	25438	25440	25441	25446	25449	25454	25454	25455	25455	25456	25457	25460	25469	25475	25481	
25485	25489	25502	25504	25504	25504	25505	25511	25519	25527	25528	25530	25532	25534	25539	25542	25544	25544	25549	25553	
25555	25558	25559	25566	25569	25573	25573	25573	25577	25579	25581	25583	25586	25586	25590	25591	25592	25594	25597	25600	
25604	25611	25619	25625	25625	25626	25629	25635	25638	25640	25640	25646	25648	25652	25652	25659	25660	25662	25670	25671	
25690	25694	25695	25710	25717	25718	25721	25721	25725	25728	25730	25730	25731	25732	25737	25751	25752	25755	25761	25762	
25767	25770	25771	25773	25774	25775	25777	25782	25783	25783	25784	25787	25790	25791	25792	25793	25793	25794	25796	25798	
25801	25806	25806	25806	25811	25812	25812	25815	25820	25823	25827	25831	25839	25841	25844	25846	25847	25854	25856	25857	
25859	25865	25866	25868	25870	25875	25875	25876	25887	25895	25901	25908	25909	25910	25912	25917	25920	25922	25922	25923	
25932	25934	25935	25938	25944	25948	25949	25955	25958	25959	25962	25965	25965	25965	25970	25974	25975	25975	25976	25977	
25984	25991	25992	25998	26000	26003	26003	26005	26006	26007	26013	26014	26015	26015	26019	26022	26039	26041	26046	26052	
26057	26062	26063	26065	26069	26071	26072	26073	26074	26075	26075	26077	26088	26092	26093	26096	26100	26103	26105	26107	
26111	26115	26118	26119	26126	26130	26130	26131	26136	26138	26143	26151	26153	26153	26156	26167	26169	26170	26171	26176	
26177	26178	26179	26179	26186	26187	26187	26189	26196	26200	26202	26202	26204	26205	26206	26212	26213	26218	26218	26219	
26220	26223	26223	26227	26233	26235	26236	26242	26246	26249	26249	26255	26265	26266	26267	26270	26275	26280	26282	26286	
26290	26290	26292	26293	26295	26306	26309	26310	26312	26314	26319	26330	26331	26333	26333	26338	26342	26349	26355	26360	
26365	26369	26379	26380	26393	26422	26429	26429	26438	26454	26456	26461	26465	26468	26478	26483	26483	26483	26487	26490	
26492	26493	26500	26501	26502	26502	26507	26511	26523	26524	26529	26533	26533	26547	26552	26553	26556	26557	26558	26566	
26579	26579	26584	26589	26591	26602	26603	26607	26608	26609	26613	26617	26618	26620	26621	26628	26629	26630	26639	26640	
26644	26648	26664	26676	26680	26682	26682	26685	26686	26688	26689	26689	26691	26693	26697	26697	26697	26702	26705	26707	
26710	26713	26725	26728	26729	26732	26733	26735	26739	26742	26743	26744	26745	26752	26757	26768	26769	26782	26796	26800	
26807	26807	26810	26811	26825	26827	26841	26850	26860	26866	26875	26878	26882	26890	26898	26901	26908	26909	26914	26914	
26917	26917	26919	26920	26921	26923	26928	26935	26936	26936	26938	26946	26947	26950	26951	26953	26959	26967	26968	26976	
26977	26978	26988	26989	26991	26992	26995	27000	27002	27004	27007	27012	27017	27019	27024	27031	27039	27043	27054	27055	
27067	27077	27081	27084	27084	27087	27087	27093	27095	27096	27098	27100	27101	27106	27107	27109	27110	27110	27115	27117	
27121	27125	27131	27131	27132	27137	27137	27139	27139	27140	27144	27148	27149	27149	27153	27153	27159	27172	27174	27174	
27176	27178	27183	27188	27190	27193	27199	27201	27206	27211	27213	27224	27227	27231	27239	27241	27249	27249	27254	27260	
27261	27262	27262	27263	27263	27264	27272	27273	27274	27274	27282	27286	27290	27293	27301	27303	27309	27310	27310	27311	
27313	27316	27318	27320	27324	27325	27331	27335	27335	27339	27340	27342	27343	27345	27346	27346	27353	27357	27362	27364	
27365	27371	27372	27374	27391	27400	27401	27402	27422	27428	27429	27431	27440	27442	27450	27456	27460	27461	27465	27474	
27475	27481	27484	27484	27485	27490	27499	27501	27502	27503	27504	27504	27505	27514	27515	27523	27531	27534	27536	27539	
27540	27541	27551	27551	27553	27554	27567	27569	27570	27572	27573	27574	27592	27593	27595	27602	27603	27604	27605	27607	
27616	27624	27625	27626	27629	27631	27631	27640	27648	27650	27659	27663	27666	27668	27680	27683	27688	27688	27700	27703	
27713	27727	27728	27728	27735	27737	27740	27741	27743	27744	27753	27754	27758	27758	27761	27762	27763	27767	27777	27777	
27777	27780	27781	27782	27782	27784	27788	27789	27789	27792	27796	27808	27810	27812	27813	27818	27820	27826	27830	27830	
27832	27834	27835	27843	27846	27848	27852	27852	27854	27857	27864	27868	27868	27869	27871	27875	27878	27881	27885	27896	
27907	27911	27919	27920	27920	27921	27922	27926	27928	27933	27939	27939	27944	27945	27948	27949	27950	27963	27965	27966	
27972	27974	27978	27992	27996	27998	28005	28007	28014	28016	28018	28023	28028	28029	28035	28036	28036	28038	28039	28042	
28053	28056	28057	28061	28062	28075	28086	28094	28095	28103	28104	28105	28108	28108	28113	28122	28123	28125	28126	28127	
28128	28132	28133	28135	28137	28138	28147	28147	28149	28157	28159	28162	28162	28164	28164	28170	28177	28180	28188	28191	
28191	28193	28195	28198	28200	28204	28208	28209	28211	28211	28214	28216	28222	28223	28226	28226	28230	28240	28248	28259	
28261	28262	28267	28267	28267	28269	28276	28278	28280	28281	28286	28291	28297	28297	28301	28301	28307	28311	28311	28319	
28323	28324	28325	28328	28329	28333	28336	28338	28342	28344	28346	28346	28351	28358	28364	28365	28374	28377	28379	28379	
28381	28383	28397	28398	28399	28400	28406	28408	28410	28410	28412	28413	28413	28413	28417	28430	28432	28438	28438	28444	
28445	28449	28453	28464	28466	28467	28477	28481	28483	28490	28494	28498	28507	28511	28517	28524	28525	28529	28532	28533	
28539	28539	28539	28540	28542	28544	28558	28565	28567	28576	28580	28596	28599	28600	28614	28622	28623	28624	28632	28632	
28639	28643	28647	28649	28649	28651	28660	28661	28665	28666	28666	28674	28679	28680	28683	28693	28697	28705	28709	28717	
28723	28727	28728	28730	28734	28740	28748	28749	28749	28750	28754	28757	28758	28758	28763	28763	28764	28771	28771	28778	
28783	28788	28792	28795	28797	28797	28801	28803	28805	28805	28815	28818	28818	28822	28825	28835	28836	28840	28840	28848	
28850	28851	28851	28852	28854	28854	28855	28862	28867	28870	28872	28877	28879	28879	28889	28892	28894	28901	28902	28903	
28905	28907	28915	28921	28922	28931	28934	28936	28939	28945	28946	28952	28957	28963	28965	28966	28970	28970	28973	28980	
28983	28984	28985	28988	28989	28990	28997	29003	29003	29021	29026	29029	29037	29043	29055	29057	29059	29061	29061	29066	
29067	29071	29071	29074	29076	29077	29077	29082	29084	29089	29090	29090	29098	29100	29101	29104	29116	29116	29117	29119	
29120	29123	29135	29137	29138	29141	29145	29146	29147	29151	29152	29157	29158	29159	29159	29163	29165	29169	29171	29175	
29177	29181	29183	29189	29190	29196	29197	29202	29209	29210	29211	29217	29229	29232	29234	29234	29240	29242	29252	29253	
29255	29256	29261	29263	29264	29265	29272	29274	29274	29276	29281	29289	29299	29300	29300	29309	29315	29316	29318	29318	
29329	29331	29334	29336	29336	29342	29356	29358	29358	29360	29364	29367	29372	29376	29381	29382	29382	29388	29393	29395	
29396	29396	29404	29407	29419	29419	29423	29425	29428	29433	29433	29436	29436	29439	29439	29440	29445	29447	29455	29463	
29467	29471	29475	29477	29482	29490	29491	29492	29492	29503	29507	29508	29524	29527	29529	29531	29531	29531	29534	29534	
29535	29537	29550	29554	29578	29580	29589	29595	29597	29597	29598	29600	29614	29614	29617	29620	29622	29624	29625	29630	
29631	29635	29636	29639	29645	29645	29649	29658	29659	29660	29671	29671	29674	29674	29680	29686	29698	29701	29707	29708	
29709	29712	29716	29717	29717	29718	29719	29720	29723	29725	29725	29726	29744	29751	29751	29752	29753	29753	29756	29756	
29758	29758	29759	29763	29766	29768	29770	29771	29776	29778	29780	29782	29786	29792	29796	29798	29800	29807	29817	29820	
29820	29821	29823	29824	29825	29828	29835	29843	29846	29855	29858	29858	29864	29864	29865	29868	29880	29881	29887	29892	
29894	29894	29897	29900	29902	29906	29908	29909	29909	29909	29910	29910	29911	29916	29918	29923	29924	29926	29927	29929	
29930	29930	29933	29939	29941	29947	29957	29965	29966	29966	29968	29969	29972	29980	29986	29987	29990	29991	29992	29994	
29995	29998	29998	29999	30000	30000	30010	30014	30015	30016	30021	30026	30027	30032	30036	30044	30049	30049	30052	30052	
30054	30054	30055	30058	30059	30060	30064	30067	30067	30073	30073	30075	30079	30079	30079	30080	30081	30081	30086	30088	
30088	30091	30093	30096	30106	30107	30112	30116	30121	30123	30129	30130	30131	30133	30136	30139	30141	30143	30147	30155	
30157	30158	30166	30172	30173	30175	30176	30178	30179	30187	30195	30207	30207	30211	30215	30215	30217	30217	30225	30226	
30229	30230	30230	30234	30237	30248	30249	30250	30252	30254	30254	30261	30265	30266	30266	30269	30270	30271	30273	30279	
30280	30285	30285	30294	30294	30296	30298	30299	30300	30300	30305	30307	30313	30313	30316	30319	30319	30325	30325	30336	
30370	30374	30377	30377	30379	30379	30381	30381	30381	30383	30387	30388	30388	30390	30397	30407	30408	30420	30422	30424	
30425	30426	30427	30430	30431	30432	30441	30441	30443	30446	30446	30446	30450	30451	30451	30452	30454	30465	30469	30469	
30470	30473	30477	30478	30480	30482	30482	30485	30486	30495	30499	30503	30503	30510	30510	30512	30522	30523	30528	30531	
30532	30537	30538	30539	30541	30545	30546	30547	30550	30559	30563	30568	30569	30571	30572	30576	30578	30579	30580	30589	
30591	30594	30595	30596	30599	30603	30604	30608	30612	30616	30617	30619	30624	30627	30628	30629	30634	30635	30638	30645	
30647	30653	30654	30657	30667	30668	30669	30670	30675	30679	30680	30684	30684	30691	30693	30694	30694	30697	30701	30701	
30709	30712	30720	30722	30723	30726	30729	30736	30737	30741	30742	30742	30746	30748	30750	30755	30770	30771	30772	30773	
30774	30776	30778	30779	30779	30782	30782	30782	30785	30787	30789	30797	30808	30811	30815	30823	30823	30825	30834	30835	
30840	30842	30844	30860	30863	30864	30866	30879	30882	30882	30884	30894	30896	30902	30902	30909	30914	30916	30917	30919	
30921	30930	30936	30938	30946	30951	30951	30951	30956	30958	30963	30971	30972	30977	30978	30979	30988	30996	30997	30999	
30999	31001	31003	31003	31003	31006	31007	31008	31010	31012	31012	31012	31014	31016	31018	31020	31020	31022	31028	31028	
31030	31030	31033	31035	31040	31043	31045	31048	31054	31058	31064	31067	31077	31077	31079	31082	31083	31085	31090	31095	
31096	31097	31099	31103	31105	31109	31109	31109	31113	31121	31122	31129	31132	31139	31139	31140	31140	31142	31143	31152	
31157	31158	31159	31164	31168	31177	31179	31180	31186	31188	31192	31196	31196	31198	31201	31202	31202	31205	31206	31211	
31217	31217	31219	31220	31222	31223	31237	31238	31240	31244	31245	31256	31263	31263	31264	31267	31270	31271	31274	31274	
31294	31298	31301	31308	31309	31313	31317	31333	31333	31342	31348	31348	31349	31356	31362	31364	31364	31372	31372	31375	
31376	31382	31383	31386	31388	31394	31394	31397	31398	31400	31401	31408	31408	31412	31421	31431	31436	31437	31437	31437	
31437	31438	31445	31452	31453	31453	31463	31466	31474	31477	31478	31483	31484	31485	31489	31491	31491	31493	31494	31496	
31497	31500	31500	31510	31511	31511	31512	31512	31514	31526	31527	31528	31530	31532	31532	31535	31536	31544	31545	31546	
31547	31553	31558	31560	31561	31561	31565	31566	31566	31567	31567	31572	31578	31583	31583	31583	31585	31588	31596	31598	
31605	31608	31609	31616	31621	31621	31624	31626	31632	31632	31633	31637	31639	31640	31641	31646	31650	31650	31651	31657	
31662	31663	31664	31667	31670	31676	31677	31682	31684	31684	31687	31690	31692	31693	31694	31701	31702	31703	31716	31717	
31718	31722	31722	31723	31727	31729	31732	31741	31744	31744	31744	31750	31754	31755	31765	31766	31767	31768	31769	31769	
31771	31771	31775	31782	31783	31786	31786	31787	31791	31792	31793	31794	31797	31806	31808	31810	31814	31817	31818	31820	
31823	31827	31830	31832	31835	31837	31838	31839	31841	31842	31850	31857	31857	31858	31861	31869	31874	31881	31884	31893	
31894	31895	31901	31904	31908	31909	31926	31927	31933	31935	31938	31942	31942	31944	31948	31949	31949	31949	31950	31950	
31952	31956	31958	31964	31966	31967	31967	31972	31972	31973	31977	31980	31984	31986	31991	31991	31991	31995	31998	31999	
32001	32001	32004	32012	32020	32027	32039	32041	32044	32048	32052	32056	32057	32063	32066	32067	32069	32071	32071	32074	
32077	32085	32085	32086	32090	32091	32094	32094	32100	32109	32120	32123	32133	32138	32138	32139	32142	32158	32171	32180	
32187	32188	32191	32194	32198	32200	32205	32208	32210	32211	32217	32221	32230	32231	32236	32239	32251	32252	32260	32263	
32264	32265	32280	32282	32283	32287	32297	32297	32303	32308	32311	32312	32313	32314	32321	32324	32327	32328	32329	32334	
32339	32342	32343	32352	32354	32359	32362	32363	32364	32366	32369	32370	32374	32374	32379	32380	32383	32387	32389	32400	
32403	32405	32409	32411	32415	32418	32423	32423	32428	32429	32434	32435	32439	32439	32440	32441	32443	32446	32460	32468	
32469	32471	32472	32479	32480	32481	32484	32489	32492	32497	32498	32500	32500	32501	32501	32503	32504	32505	32506	32507	
32507	32508	32510	32513	32517	32524	32525	32525	32527	32528	32530	32530	32531	32533	32533	32538	32546	32547	32553	32555	
32560	32563	32571	32578	32578	32580	32580	32580	32581	32584	32586	32588	32589	32591	32593	32596	32598	32606	32614	32616	
32618	32619	32624	32626	32629	32630	32637	32639	32640	32641	32641	32650	32660	32660	32665	32666	32669	32672	32672	32676	
32676	32681	32695	32697	32697	32701	32705	32713	32718	32721	32722	32723	32725	32727	32732	32750	32752	32753	32760	32765	
