Time taken => 0.077000 sec 


4	10	14	17	18	21	45	60	64	66	67	73	78	80	85	89	106	108	115	117	
121	124	146	148	155	166	170	172	178	181	197	201	201	204	212	213	214	224	239	245	
245	260	263	269	278	283	291	293	308	317	336	343	348	352	360	362	368	372	376	383	
387	387	389	389	396	402	416	417	418	420	421	423	424	472	478	479	479	483	486	488	
490	499	503	508	514	522	531	531	533	533	535	540	555	559	567	569	570	572	577	593	
597	599	603	603	608	609	615	618	630	631	640	644	645	659	661	665	667	673	675	681	
689	707	736	739	755	761	762	780	783	791	794	814	824	836	845	846	848	854	884	905	
913	923	926	934	946	959	959	962	967	971	990	990	995	1004	1005	1015	1025	1027	1045	1057	
1065	1086	1091	1095	1100	1104	1105	1107	1119	1120	1121	1122	1127	1137	1140	1155	1155	1165	1168	1173	
1173	1178	1181	1187	1187	1188	1200	1206	1209	1215	1217	1230	1235	1236	1240	1249	1254	1256	1257	1267	
1267	1282	1286	1287	1293	1294	1303	1305	1311	1335	1343	1366	1371	1379	1379	1379	1379	1386	1388	1391	
1397	1409	1420	1429	1437	1443	1448	1457	1476	1483	1483	1484	1489	1490	1500	1500	1522	1525	1540	1543	
1555	1555	1563	1578	1582	1584	1587	1604	1606	1614	1619	1624	1640	1645	1651	1674	1681	1691	1696	1704	
1708	1715	1721	1723	1729	1743	1745	1757	1764	1773	1779	1791	1805	1806	1811	1813	1814	1852	1853	1853	
1855	1862	1862	1862	1868	1868	1870	1887	1888	1894	1900	1905	1909	1932	1932	1935	1935	1936	1943	1950	
1956	1980	1991	1997	2000	2003	2011	2019	2038	2041	2052	2052	2057	2062	2066	2067	2075	2093	2095	2095	
2114	2123	2137	2144	2146	2150	2152	2153	2172	2174	2178	2182	2204	2206	2207	2210	2211	2215	2219	2222	
2229	2232	2247	2261	2262	2281	2286	2290	2294	2300	2304	2306	2312	2315	2321	2326	2335	2340	2341	2371	
2377	2384	2401	2415	2418	2463	2465	2467	2474	2480	2490	2490	2492	2501	2518	2522	2524	2529	2530	2535	
2537	2545	2546	2549	2557	2559	2562	2568	2573	2580	2595	2607	2618	2627	2628	2633	2634	2649	2653	2657	
2660	2671	2674	2677	2679	2681	2681	2700	2717	2722	2740	2751	2763	2764	2775	2788	2793	2794	2798	2807	
2809	2809	2811	2813	2813	2817	2822	2829	2835	2835	2844	2844	2855	2868	2868	2886	2886	2891	2894	2904	
2923	2924	2926	2926	2936	2945	2955	2963	2975	2980	2980	2981	2982	2983	2986	2989	3005	3010	3011	3023	
3027	3027	3033	3033	3033	3039	3043	3047	3052	3054	3056	3057	3060	3072	3074	3076	3081	3084	3085	3085	
3112	3116	3119	3120	3128	3132	3146	3156	3163	3164	3171	3171	3172	3183	3212	3216	3256	3258	3261	3272	
3280	3293	3302	3311	3317	3320	3321	3324	3325	3326	3327	3329	3329	3332	3353	3362	3366	3381	3392	3403	
3423	3424	3429	3441	3453	3459	3463	3477	3479	3496	3501	3507	3509	3517	3530	3537	3540	3544	3555	3560	
3566	3576	3585	3587	3591	3592	3595	3605	3615	3637	3641	3648	3660	3670	3677	3682	3700	3704	3705	3713	
3714	3718	3721	3722	3730	3733	3750	3750	3755	3756	3770	3773	3778	3779	3800	3813	3815	3822	3824	3826	
3827	3833	3838	3846	3847	3849	3853	3858	3871	3874	3880	3891	3892	3895	3907	3915	3917	3925	3925	3943	
3943	3947	3951	3959	3968	3975	3984	3984	3992	4002	4002	4017	4022	4027	4033	4038	4050	4060	4063	4065	
4067	4080	4083	4083	4086	4087	4095	4098	4105	4106	4125	4129	4137	4143	4172	4185	4196	4218	4218	4223	
4226	4227	4228	4235	4238	4243	4243	4254	4260	4267	4276	4277	4279	4282	4283	4293	4295	4297	4312	4313	
4319	4325	4327	4337	4338	4342	4346	4347	4351	4354	4359	4363	4367	4386	4389	4392	4396	4415	4418	4420	
4420	4424	4427	4430	4433	4435	4436	4442	4445	4452	4474	4479	4482	4488	4491	4500	4507	4510	4520	4520	
4522	4529	4534	4536	4539	4544	4544	4559	4572	4573	4576	4586	4590	4596	4609	4610	4611	4616	4616	4616	
4618	4625	4625	4647	4660	4661	4665	4672	4679	4683	4683	4702	4706	4713	4713	4729	4729	4736	4739	4742	
4742	4747	4751	4751	4758	4767	4769	4781	4785	4786	4794	4800	4802	4805	4834	4837	4847	4849	4854	4857	
4859	4867	4871	4872	4881	4882	4891	4896	4897	4897	4898	4905	4917	4918	4920	4929	4931	4981	4991	4995	
5002	5004	5005	5010	5025	5029	5056	5057	5058	5061	5066	5067	5072	5075	5079	5081	5087	5096	5097	5103	
5123	5126	5128	5135	5138	5151	5152	5153	5154	5159	5161	5162	5162	5167	5168	5171	5172	5179	5181	5198	
5200	5200	5202	5221	5223	5231	5242	5245	5252	5256	5261	5263	5264	5267	5268	5281	5284	5288	5291	5298	
5305	5308	5320	5321	5329	5341	5352	5357	5360	5362	5363	5365	5366	5376	5384	5386	5395	5396	5402	5405	
5407	5409	5410	5428	5429	5432	5453	5463	5464	5464	5471	5476	5486	5494	5494	5501	5510	5530	5533	5543	
5555	5566	5574	5584	5591	5607	5610	5641	5652	5657	5671	5676	5681	5689	5689	5689	5702	5706	5708	5714	
5716	5718	5720	5730	5738	5740	5764	5764	5778	5778	5780	5806	5810	5817	5819	5820	5841	5859	5862	5865	
5868	5875	5877	5877	5883	5885	5893	5899	5904	5907	5910	5911	5911	5911	5914	5919	5920	5930	5930	5933	
5937	5945	5952	5957	5963	5986	5994	6025	6033	6047	6050	6056	6057	6062	6066	6070	6072	6072	6073	6083	
6086	6094	6094	6098	6106	6120	6121	6139	6174	6182	6186	6186	6187	6187	6189	6192	6193	6205	6212	6218	
6223	6224	6232	6239	6240	6243	6248	6248	6257	6257	6259	6264	6267	6275	6283	6296	6313	6315	6317	6336	
6349	6350	6358	6359	6362	6366	6366	6371	6374	6388	6406	6407	6412	6420	6422	6424	6442	6449	6449	6453	
6458	6476	6481	6483	6488	6493	6501	6511	6520	6527	6532	6540	6545	6549	6550	6552	6555	6556	6566	6566	
6574	6589	6593	6598	6607	6610	6616	6621	6625	6629	6638	6639	6640	6642	6644	6658	6659	6665	6679	6692	
6693	6700	6702	6710	6729	6730	6740	6740	6742	6750	6751	6761	6762	6768	6768	6771	6775	6775	6784	6784	
6787	6790	6791	6791	6794	6797	6798	6802	6808	6809	6818	6828	6834	6834	6836	6853	6853	6859	6860	6865	
6872	6896	6897	6902	6908	6922	6922	6928	6931	6937	6954	6956	6960	6970	6984	6986	6991	7006	7009	7018	
7043	7045	7067	7077	7085	7094	7099	7104	7104	7110	7117	7119	7131	7142	7152	7167	7172	7184	7185	7189	
7191	7193	7194	7208	7209	7217	7220	7223	7225	7225	7229	7231	7233	7246	7251	7253	7257	7276	7280	7285	
7287	7292	7300	7301	7304	7310	7310	7318	7333	7335	7365	7381	7382	7392	7395	7399	7457	7459	7463	7465	
7470	7476	7481	7485	7486	7516	7517	7518	7536	7536	7542	7543	7551	7556	7565	7567	7568	7570	7571	7580	
7581	7581	7582	7617	7619	7623	7623	7627	7632	7635	7639	7639	7649	7650	7651	7652	7653	7655	7661	7663	
7691	7710	7715	7716	7723	7732	7732	7737	7737	7742	7742	7746	7749	7758	7768	7772	7773	7775	7777	7779	
7779	7796	7799	7807	7811	7811	7813	7814	7815	7822	7825	7828	7838	7839	7842	7852	7853	7859	7861	7866	
7873	7877	7882	7889	7892	7894	7900	7911	7911	7923	7924	7927	7929	7936	7939	7947	7952	7968	7975	7994	
7996	8002	8004	8007	8019	8023	8031	8032	8039	8042	8057	8057	8077	8086	8087	8089	8105	8108	8111	8114	
8120	8121	8132	8152	8161	8162	8166	8174	8174	8188	8191	8204	8211	8214	8219	8221	8221	8223	8231	8232	
8234	8240	8246	8261	8279	8293	8303	8307	8307	8309	8310	8327	8335	8337	8340	8348	8355	8356	8367	8370	
8373	8388	8392	8392	8393	8397	8397	8402	8425	8437	8439	8446	8446	8452	8461	8467	8470	8471	8476	8481	
8488	8493	8509	8510	8519	8523	8532	8536	8546	8556	8558	8559	8569	8571	8576	8578	8584	8584	8587	8591	
8600	8601	8604	8623	8636	8644	8656	8659	8666	8683	8702	8706	8709	8711	8711	8713	8715	8728	8733	8737	
8741	8745	8751	8755	8761	8779	8783	8789	8794	8796	8813	8814	8841	8851	8868	8878	8892	8908	8909	8912	
8940	8949	8952	8956	8967	8976	8996	9003	9003	9021	9022	9027	9041	9050	9056	9061	9064	9071	9078	9096	
9097	9122	9127	9134	9135	9150	9152	9154	9161	9165	9165	9170	9171	9174	9180	9192	9196	9214	9221	9225	
9225	9231	9239	9240	9244	9245	9255	9257	9271	9276	9281	9315	9331	9341	9350	9350	9359	9374	9392	9393	
9394	9419	9428	9436	9442	9457	9469	9478	9481	9481	9486	9496	9499	9500	9500	9507	9511	9513	9515	9520	
9525	9527	9535	9550	9550	9551	9552	9555	9559	9560	9564	9564	9570	9571	9575	9577	9602	9623	9632	9639	
9642	9649	9653	9654	9683	9684	9685	9687	9703	9715	9717	9745	9745	9748	9760	9776	9787	9800	9813	9817	
9822	9826	9836	9838	9845	9852	9852	9853	9864	9865	9866	9879	9882	9889	9896	9898	9902	9914	9921	9928	
9944	9946	9946	9962	9962	9962	9965	9977	9979	9982	9985	10003	10027	10043	10046	10054	10055	10056	10058	10063	
10067	10067	10069	10073	10074	10083	10084	10091	10091	10097	10097	10109	10110	10114	10122	10125	10129	10135	10146	10148	
10163	10216	10224	10226	10229	10241	10243	10255	10273	10274	10277	10279	10284	10287	10292	10301	10317	10324	10327	10335	
10336	10339	10346	10348	10352	10355	10358	10365	10369	10372	10385	10393	10400	10402	10415	10420	10422	10431	10434	10447	
10451	10464	10468	10470	10472	10477	10480	10525	10552	10554	10555	10585	10586	10593	10613	10622	10622	10625	10630	10631	
10631	10647	10655	10660	10661	10666	10666	10667	10684	10688	10696	10700	10712	10718	10732	10743	10745	10747	10747	10748	
10763	10767	10769	10775	10777	10783	10794	10798	10798	10801	10805	10805	10807	10822	10835	10850	10851	10856	10861	10864	
10867	10875	10878	10879	10880	10880	10880	10882	10883	10885	10887	10889	10894	10894	10906	10911	10913	10917	10920	10928	
10943	10947	10948	10952	10953	10963	10965	10968	10980	10981	10987	10989	10990	10991	10998	11002	11008	11011	11028	11036	
11037	11041	11042	11048	11049	11050	11054	11060	11064	11072	11087	11149	11157	11159	11168	11169	11171	11179	11181	11182	
11187	11193	11196	11198	11199	11228	11236	11253	11256	11260	11262	11272	11280	11291	11293	11313	11318	11322	11328	11328	
11338	11347	11347	11358	11360	11361	11380	11388	11398	11403	11405	11416	11429	11435	11437	11439	11442	11442	11446	11447	
11450	11464	11467	11471	11475	11493	11500	11507	11512	11514	11516	11522	11524	11526	11544	11561	11562	11568	11574	11576	
11589	11590	11595	11608	11610	11614	11614	11616	11617	11635	11638	11642	11647	11658	11659	11677	11679	11684	11684	11689	
11701	11708	11728	11742	11749	11763	11770	11772	11774	11776	11776	11798	11802	11809	11826	11827	11831	11837	11846	11850	
11861	11874	11876	11887	11888	11888	11897	11898	11898	11898	11900	11900	11906	11908	11914	11918	11921	11926	11926	11941	
11943	11946	11986	11990	12001	12004	12005	12015	12017	12034	12042	12046	12048	12052	12052	12054	12067	12071	12082	12093	
12095	12106	12107	12128	12128	12130	12163	12182	12199	12204	12204	12210	12210	12223	12227	12229	12236	12238	12241	12243	
12249	12249	12257	12264	12266	12276	12278	12282	12288	12291	12298	12303	12315	12320	12328	12333	12334	12340	12344	12348	
12350	12358	12372	12373	12374	12397	12401	12429	12439	12440	12464	12466	12467	12476	12479	12511	12520	12524	12529	12535	
12540	12540	12543	12549	12560	12574	12576	12577	12580	12593	12607	12607	12613	12616	12636	12642	12652	12657	12688	12697	
12698	12708	12709	12712	12719	12734	12736	12737	12737	12741	12754	12760	12771	12774	12784	12787	12797	12801	12827	12840	
12854	12856	12864	12873	12878	12881	12886	12886	12900	12911	12911	12926	12933	12934	12935	12941	12942	12942	12967	12970	
12970	12987	12988	12993	13014	13014	13024	13037	13039	13041	13043	13043	13049	13051	13064	13079	13092	13098	13105	13107	
13108	13112	13138	13140	13144	13160	13160	13162	13173	13182	13194	13200	13205	13210	13214	13220	13225	13230	13232	13234	
13239	13250	13256	13257	13260	13261	13268	13272	13282	13288	13290	13305	13307	13311	13322	13334	13337	13338	13339	13344	
13350	13350	13362	13374	13378	13382	13403	13409	13410	13411	13417	13423	13426	13430	13434	13438	13443	13444	13447	13447	
13452	13459	13463	13463	13463	13466	13469	13477	13481	13483	13489	13495	13523	13532	13535	13539	13553	13560	13563	13564	
13565	13567	13576	13582	13587	13592	13592	13598	13619	13620	13635	13645	13648	13648	13650	13653	13669	13676	13690	13691	
13694	13700	13701	13710	13714	13728	13735	13737	13741	13747	13758	13758	13760	13762	13762	13767	13773	13778	13787	13788	
13790	13796	13812	13815	13815	13817	13824	13830	13834	13839	13841	13864	13888	13899	13904	13908	13910	13911	13911	13928	
13938	13940	13947	13949	13973	13974	13980	13981	13994	14011	14025	14033	14036	14039	14051	14062	14071	14075	14080	14090	
14093	14110	14133	14139	14143	14155	14161	14170	14171	14176	14180	14181	14192	14193	14202	14205	14213	14213	14219	14228	
14270	14276	14277	14290	14295	14295	14296	14297	14300	14311	14312	14330	14337	14343	14344	14374	14389	14398	14405	14410	
14413	14413	14415	14418	14425	14427	14438	14454	14457	14460	14466	14476	14479	14482	14485	14487	14492	14505	14509	14516	
14524	14530	14549	14549	14553	14571	14576	14579	14583	14589	14591	14593	14595	14608	14611	14618	14620	14620	14628	14628	
14636	14639	14643	14645	14654	14668	14669	14691	14691	14693	14707	14708	14736	14742	14755	14760	14763	14768	14771	14775	
14785	14797	14802	14803	14803	14808	14808	14810	14815	14816	14824	14829	14844	14851	14864	14872	14878	14878	14892	14896	
14897	14906	14914	14916	14923	14932	14946	14951	14955	14955	14958	14960	14961	14963	14973	14974	14974	14995	14995	15000	
15001	15019	15020	15028	15031	15064	15085	15090	15092	15096	15113	15118	15125	15129	15133	15160	15169	15172	15173	15177	
15181	15194	15198	15200	15204	15207	15211	15224	15235	15238	15250	15251	15254	15256	15257	15264	15286	15290	15295	15308	
15311	15314	15334	15337	15342	15344	15346	15355	15356	15358	15382	15388	15407	15428	15431	15435	15437	15439	15443	15446	
15449	15452	15453	15455	15461	15470	15472	15473	15477	15488	15489	15494	15511	15514	15515	15535	15547	15548	15549	15557	
15577	15582	15583	15586	15589	15593	15602	15603	15614	15614	15615	15624	15637	15651	15651	15654	15667	15668	15670	15681	
15686	15688	15723	15726	15735	15735	15737	15742	15752	15771	15773	15776	15777	15778	15789	15800	15806	15813	15813	15814	
15816	15830	15831	15842	15843	15865	15874	15889	15895	15895	15897	15898	15902	15907	15912	15918	15919	15930	15934	15935	
15943	15956	15966	15970	15988	15989	15989	15991	15995	15996	16011	16016	16018	16019	16031	16033	16034	16047	16053	16063	
16068	16071	16078	16087	16088	16092	16093	16097	16117	16120	16126	16129	16142	16146	16155	16156	16168	16186	16193	16200	
16205	16212	16223	16224	16233	16239	16252	16279	16281	16289	16291	16298	16302	16303	16306	16311	16313	16317	16318	16320	
16332	16336	16348	16350	16355	16374	16385	16385	16386	16400	16430	16430	16437	16461	16471	16472	16472	16484	16489	16490	
16496	16509	16522	16526	16536	16537	16546	16554	16559	16559	16561	16569	16572	16578	16582	16584	16616	16620	16624	16628	
16634	16640	16641	16649	16653	16659	16660	16663	16673	16688	16711	16714	16718	16719	16726	16732	16736	16760	16764	16766	
16784	16791	16807	16809	16810	16813	16818	16824	16828	16830	16831	16833	16850	16874	16877	16893	16908	16921	16927	16930	
16938	16947	16963	16966	16971	16971	16972	16977	16977	16978	16986	16989	16992	16993	16995	17011	17020	17032	17047	17058	
17061	17064	17067	17068	17086	17102	17105	17108	17122	17125	17130	17133	17136	17141	17149	17149	17153	17163	17166	17167	
17175	17183	17191	17192	17195	17200	17201	17207	17211	17211	17214	17218	17222	17254	17255	17269	17271	17276	17277	17278	
17299	17303	17308	17313	17313	17322	17326	17328	17331	17333	17335	17340	17343	17354	17362	17362	17372	17373	17384	17386	
17389	17396	17404	17417	17423	17428	17433	17435	17443	17458	17465	17479	17481	17497	17498	17505	17513	17527	17527	17532	
17533	17535	17545	17546	17556	17562	17581	17589	17613	17619	17625	17632	17643	17648	17664	17669	17687	17694	17705	17712	
17714	17742	17748	17753	17754	17758	17770	17779	17781	17784	17787	17798	17799	17802	17807	17813	17816	17820	17822	17836	
17850	17851	17861	17870	17875	17879	17885	17892	17894	17905	17919	17920	17927	17927	17936	17938	17944	17953	17958	17960	
17965	17969	17989	17997	17998	18002	18003	18017	18020	18022	18023	18025	18032	18033	18040	18043	18047	18065	18071	18072	
18081	18084	18097	18097	18098	18099	18124	18139	18153	18153	18166	18170	18173	18176	18184	18185	18186	18204	18204	18205	
18214	18222	18240	18243	18247	18257	18257	18258	18266	18272	18276	18278	18296	18308	18314	18321	18325	18325	18333	18340	
18356	18357	18360	18363	18370	18376	18378	18380	18412	18416	18420	18432	18455	18472	18478	18486	18490	18490	18498	18505	
18534	18537	18537	18540	18542	18557	18558	18559	18562	18563	18573	18576	18581	18583	18597	18609	18614	18638	18643	18649	
18652	18670	18672	18673	18676	18680	18686	18696	18696	18697	18733	18736	18739	18741	18744	18761	18768	18769	18774	18778	
18792	18801	18815	18818	18824	18829	18829	18830	18833	18835	18840	18848	18857	18862	18870	18872	18877	18880	18883	18883	
18888	18888	18888	18891	18894	18902	18910	18910	18912	18912	18913	18913	18915	18919	18925	18926	18930	18937	18938	18942	
18948	18952	18955	18981	18987	18990	18993	18997	19005	19010	19011	19020	19022	19024	19029	19031	19042	19047	19054	19073	
19074	19079	19084	19089	19097	19110	19110	19110	19124	19126	19127	19130	19139	19142	19143	19144	19165	19168	19176	19179	
19181	19185	19187	19197	19209	19209	19211	19220	19221	19235	19236	19238	19246	19248	19251	19256	19263	19269	19269	19271	
19276	19284	19285	19305	19309	19310	19312	19316	19317	19317	19326	19328	19341	19345	19351	19352	19360	19361	19370	19372	
19372	19377	19382	19388	19392	19408	19416	19420	19434	19435	19437	19437	19437	19456	19461	19466	19467	19471	19479	19488	
19490	19499	19502	19508	19508	19521	19522	19523	19535	19537	19568	19569	19573	19574	19575	19589	19590	19592	19594	19606	
19627	19629	19650	19650	19657	19669	19675	19686	19697	19703	19721	19733	19733	19749	19756	19760	19777	19799	19802	19804	
19805	19807	19807	19820	19824	19828	19831	19857	19864	19867	19870	19883	19891	19891	19893	19894	19896	19903	19905	19906	
19913	19914	19921	19922	19934	19938	19954	19956	19965	19968	19976	19981	19983	19993	19994	19997	20000	20003	20008	20020	
20034	20037	20043	20046	20047	20065	20079	20086	20086	20088	20119	20122	20124	20129	20133	20136	20138	20142	20144	20153	
20173	20175	20185	20189	20195	20201	20220	20231	20242	20276	20276	20292	20293	20303	20305	20318	20323	20327	20344	20362	
20371	20384	20386	20392	20399	20401	20402	20413	20417	20418	20428	20429	20432	20450	20452	20453	20457	20458	20463	20477	
20495	20523	20531	20532	20539	20563	20566	20575	20581	20586	20590	20590	20593	20593	20597	20603	20605	20617	20621	20622	
20625	20631	20636	20637	20638	20654	20658	20663	20682	20690	20691	20695	20699	20727	20729	20730	20731	20733	20741	20750	
20754	20762	20803	20804	20807	20807	20816	20838	20847	20848	20850	20851	20853	20862	20863	20879	20888	20888	20912	20913	
20921	20922	20923	20924	20926	20933	20945	20957	20966	20972	20972	20979	20989	20993	21017	21025	21040	21044	21051	21063	
21066	21067	21078	21106	21106	21112	21112	21124	21137	21138	21139	21157	21166	21166	21172	21175	21175	21182	21183	21189	
21196	21202	21217	21218	21228	21256	21257	21268	21275	21285	21290	21291	21308	21316	21323	21329	21340	21341	21344	21358	
21367	21378	21383	21393	21398	21400	21406	21410	21414	21417	21430	21441	21452	21459	21460	21461	21479	21480	21481	21482	
21493	21504	21508	21524	21545	21545	21562	21567	21576	21577	21582	21588	21600	21603	21607	21607	21618	21618	21620	21631	
21632	21636	21649	21658	21663	21674	21680	21683	21690	21692	21693	21705	21706	21720	21728	21729	21730	21742	21746	21749	
21749	21762	21773	21773	21778	21780	21791	21792	21801	21802	21826	21828	21831	21831	21833	21836	21845	21846	21846	21858	
21859	21864	21865	21867	21872	21874	21877	21881	21881	21882	21884	21884	21888	21899	21913	21920	21930	21932	21946	21956	
21970	21986	21988	21990	21992	21995	22000	22001	22007	22007	22012	22020	22038	22041	22043	22057	22078	22107	22125	22138	
22142	22143	22151	22155	22160	22175	22176	22201	22204	22210	22210	22216	22225	22228	22232	22233	22253	22261	22264	22275	
22277	22279	22280	22290	22295	22298	22302	22309	22314	22329	22347	22347	22354	22354	22355	22359	22381	22382	22389	22399	
22399	22403	22414	22415	22482	22486	22503	22511	22515	22516	22529	22537	22548	22554	22559	22564	22571	22578	22581	22582	
22593	22595	22599	22608	22614	22617	22622	22631	22632	22640	22641	22655	22655	22658	22672	22687	22688	22689	22692	22708	
22717	22718	22720	22723	22725	22728	22730	22730	22738	22743	22744	22760	22765	22771	22773	22795	22798	22800	22813	22814	
22817	22819	22820	22833	22834	22835	22850	22858	22866	22867	22876	22877	22881	22885	22888	22910	22919	22921	22925	22926	
22929	22937	22941	22953	22980	22984	22987	22997	22998	23009	23024	23037	23062	23063	23072	23080	23087	23094	23104	23106	
23109	23128	23133	23135	23136	23143	23162	23177	23193	23197	23199	23200	23207	23209	23240	23243	23243	23259	23273	23288	
23292	23294	23297	23304	23306	23307	23314	23324	23328	23329	23332	23347	23376	23394	23403	23407	23411	23417	23421	23422	
23423	23429	23438	23438	23440	23445	23446	23446	23448	23449	23454	23454	23468	23483	23485	23489	23495	23499	23500	23502	
23502	23506	23542	23544	23547	23555	23563	23573	23580	23588	23596	23602	23604	23621	23621	23632	23633	23634	23638	23641	
23646	23649	23649	23652	23656	23656	23660	23663	23664	23670	23671	23672	23673	23680	23682	23688	23688	23710	23713	23714	
23717	23732	23735	23740	23748	23749	23753	23789	23797	23803	23820	23836	23846	23850	23854	23867	23883	23896	23897	23898	
23901	23925	23927	23928	23940	23946	23949	23950	23952	23960	23962	23966	23967	23971	23991	23994	23998	24003	24005	24016	
24017	24018	24023	24024	24032	24062	24064	24070	24089	24100	24102	24105	24116	24125	24130	24145	24150	24151	24159	24161	
24167	24177	24179	24182	24185	24187	24203	24217	24218	24226	24231	24234	24237	24237	24242	24250	24262	24263	24282	24296	
24297	24307	24311	24316	24321	24321	24330	24333	24337	24342	24349	24352	24358	24360	24362	24368	24368	24369	24370	24371	
24373	24375	24375	24378	24389	24413	24416	24431	24443	24452	24455	24455	24467	24469	24471	24489	24492	24499	24500	24504	
24507	24513	24518	24519	24527	24529	24554	24574	24580	24591	24595	24596	24609	24615	24617	24619	24634	24642	24643	24649	
24649	24650	24658	24660	24673	24685	24694	24697	24701	24702	24712	24713	24726	24736	24744	24748	24748	24749	24749	24770	
24773	24774	24774	24781	24783	24785	24786	24797	24800	24805	24808	24812	24834	24853	24853	24856	24861	24882	24882	24886	
24904	24910	24934	24936	24949	24950	24957	24960	24979	24997	25000	25027	25027	25034	25034	25034	25042	25048	25049	25062	
25064	25066	25075	25081	25085	25086	25087	25092	25100	25103	25112	25113	25125	25129	25132	25134	25156	25162	25179	25198	
25201	25228	25231	25238	25240	25241	25242	25251	25252	25255	25262	25264	25272	25274	25275	25287	25288	25293	25322	25327	
25343	25352	25355	25359	25360	25360	25362	25371	25386	25386	25389	25389	25390	25394	25395	25405	25406	25407	25408	25411	
25418	25429	25429	25436	25454	25457	25459	25459	25460	25467	25469	25476	25495	25499	25502	25503	25505	25515	25533	25534	
25541	25549	25552	25554	25555	25556	25568	25570	25578	25582	25585	25591	25591	25599	25608	25612	25619	25624	25630	25644	
25648	25655	25664	25676	25684	25692	25694	25698	25702	25705	25705	25706	25738	25740	25741	25741	25746	25747	25750	25758	
25768	25778	25786	25792	25798	25833	25848	25865	25873	25880	25889	25895	25895	25909	25911	25919	25921	25928	25952	25953	
25956	25960	25976	25979	25997	25999	26000	26001	26024	26031	26031	26044	26046	26069	26075	26077	26080	26084	26099	26106	
26111	26112	26117	26126	26134	26150	26158	26170	26171	26191	26193	26200	26201	26213	26214	26216	26222	26240	26241	26243	
26247	26251	26253	26254	26256	26256	26268	26273	26283	26291	26291	26316	26325	26337	26338	26343	26352	26353	26356	26361	
26365	26366	26398	26413	26417	26429	26430	26432	26435	26440	26444	26446	26454	26461	26469	26486	26488	26490	26491	26496	
26503	26509	26519	26532	26534	26543	26544	26549	26549	26561	26573	26592	26593	26595	26600	26613	26624	26647	26658	26667	
26669	26687	26688	26692	26699	26711	26718	26723	26726	26727	26738	26744	26750	26752	26763	26765	26767	26772	26793	26810	
26820	26839	26847	26857	26872	26872	26880	26883	26883	26884	26906	26929	26932	26933	26934	26935	26937	26941	26949	26966	
26970	26973	26974	26984	26986	26995	27001	27011	27017	27031	27042	27047	27057	27058	27078	27081	27085	27089	27091	27092	
27093	27094	27102	27106	27122	27130	27158	27164	27179	27189	27194	27196	27197	27201	27202	27203	27207	27209	27212	27225	
27226	27231	27240	27245	27249	27257	27258	27261	27271	27282	27288	27294	27297	27298	27299	27300	27302	27318	27320	27323	
27325	27326	27335	27349	27352	27371	27372	27374	27382	27390	27392	27399	27404	27419	27432	27437	27439	27447	27454	27463	
27477	27477	27482	27488	27493	27507	27507	27510	27522	27523	27527	27537	27565	27574	27593	27602	27613	27629	27630	27638	
27651	27658	27669	27674	27676	27682	27683	27683	27693	27700	27700	27703	27707	27717	27725	27737	27737	27740	27757	27779	
27781	27797	27800	27804	27814	27823	27827	27830	27831	27835	27863	27871	27880	27880	27887	27895	27898	27899	27904	27914	
27922	27933	27935	27935	27938	27940	27943	27947	27955	27955	27958	27968	27969	27974	27974	27988	27999	28006	28008	28015	
28017	28047	28051	28060	28065	28076	28078	28080	28086	28097	28098	28102	28107	28120	28124	28126	28129	28137	28155	28156	
28159	28167	28174	28181	28193	28199	28202	28210	28215	28235	28237	28247	28249	28254	28255	28257	28265	28274	28285	28286	
28289	28291	28298	28305	28310	28317	28339	28344	28345	28345	28355	28356	28363	28378	28379	28381	28394	28402	28408	28409	
28413	28439	28450	28456	28465	28467	28475	28478	28484	28493	28503	28520	28520	28521	28525	28529	28544	28550	28552	28553	
28562	28568	28570	28575	28583	28591	28602	28603	28603	28603	28603	28611	28615	28625	28633	28640	28640	28641	28650	28671	
28672	28679	28680	28692	28699	28716	28717	28723	28736	28743	28757	28765	28767	28770	28775	28779	28796	28797	28797	28798	
28804	28828	28838	28842	28846	28850	28854	28873	28874	28875	28877	28898	28923	28924	28953	28954	28965	28966	28974	28989	
29011	29013	29017	29034	29044	29047	29053	29054	29072	29088	29091	29091	29092	29098	29104	29107	29122	29122	29123	29139	
29142	29147	29163	29167	29183	29194	29213	29214	29222	29227	29234	29235	29238	29246	29248	29249	29250	29252	29258	29276	
29287	29295	29321	29332	29335	29336	29358	29359	29363	29364	29366	29373	29379	29384	29388	29406	29413	29418	29421	29423	
29424	29430	29432	29438	29445	29451	29463	29486	29486	29487	29496	29505	29520	29525	29529	29543	29545	29550	29551	29555	
29556	29576	29582	29582	29582	29586	29590	29596	29596	29597	29598	29600	29620	29621	29621	29622	29623	29631	29633	29633	
29636	29644	29652	29659	29667	29677	29685	29693	29693	29693	29702	29706	29706	29709	29735	29735	29763	29779	29779	29797	
29803	29805	29810	29815	29818	29823	29832	29836	29855	29859	29878	29879	29882	29905	29920	29933	29933	29936	29948	29951	
29953	29964	29969	29976	29981	29991	29994	29997	30005	30010	30018	30020	30042	30059	30072	30081	30109	30125	30134	30140	
30144	30154	30159	30160	30161	30167	30171	30182	30187	30190	30192	30202	30205	30214	30233	30242	30245	30248	30253	30270	
30285	30293	30304	30314	30315	30320	30337	30345	30349	30350	30360	30373	30381	30383	30395	30413	30415	30417	30449	30476	
30495	30515	30517	30522	30525	30530	30532	30544	30546	30547	30551	30556	30563	30588	30590	30591	30596	30600	30619	30626	
30631	30631	30646	30657	30660	30661	30663	30668	30673	30679	30681	30682	30688	30690	30690	30693	30697	30700	30703	30710	
30720	30733	30737	30743	30756	30756	30757	30762	30762	30763	30768	30773	30775	30793	30798	30806	30812	30817	30820	30821	
30832	30832	30833	30840	30841	30848	30848	30851	30852	30854	30870	30875	30875	30880	30913	30917	30919	30920	30941	30948	
30951	30960	30960	30973	30983	31012	31016	31025	31027	31031	31045	31054	31054	31061	31077	31079	31082	31108	31111	31122	
31127	31146	31148	31156	31156	31162	31183	31184	31199	31201	31205	31214	31225	31228	31228	31229	31229	31229	31233	31241	
31258	31262	31266	31269	31273	31276	31277	31277	31278	31286	31304	31316	31321	31334	31340	31356	31358	31365	31370	31370	
31374	31383	31385	31394	31397	31399	31411	31416	31418	31424	31427	31431	31433	31454	31455	31458	31459	31463	31475	31485	
31486	31496	31498	31499	31500	31500	31503	31506	31510	31523	31524	31532	31534	31535	31536	31573	31598	31612	31621	31653	
31654	31659	31667	31669	31684	31693	31696	31715	31716	31731	31733	31736	31741	31748	31754	31755	31760	31762	31764	31767	
31771	31778	31780	31782	31782	31806	31807	31817	31846	31848	31855	31856	31872	31880	31882	31899	31902	31913	31916	31923	
31927	31934	31942	31943	31945	31947	31952	31963	31973	31974	31974	31974	31977	31979	31994	31999	32011	32016	32021	32026	
32028	32034	32049	32052	32054	32056	32057	32066	32069	32085	32097	32101	32102	32109	32110	32112	32116	32126	32131	32133	
32144	32153	32167	32177	32184	32186	32191	32191	32192	32193	32207	32208	32213	32225	32226	32231	32235	32238	32238	32268	
32268	32273	32275	32277	32277	32297	32305	32308	32319	32319	32324	32327	32330	32334	32343	32349	32359	32365	32371	32373	
32376	32379	32388	32407	32408	32412	32413	32426	32429	32430	32435	32439	32448	32454	32456	32457	32462	32465	32469	32484	
32506	32508	32511	32519	32522	32523	32534	32538	32548	32549	32553	32558	32565	32573	32577	32589	32596	32598	32600	32603	
32605	32606	32609	32638	32638	32642	32644	32644	32645	32657	32679	32685	32686	32695	32695	32733	32758	32760	32761	32766	
