Time taken => 1.000000 sec 


3	7	13	20	30	30	33	33	35	35	35	41	42	44	49	54	57	61	67	67	
75	81	82	85	85	90	93	95	97	97	98	103	109	110	118	121	126	133	136	140	
144	145	145	148	157	160	168	169	170	174	175	178	181	182	187	187	193	202	206	209	
222	228	230	241	241	246	247	253	253	257	262	266	267	268	278	281	282	290	297	305	
305	311	312	316	318	319	322	323	326	329	339	347	347	358	366	366	374	375	376	377	
380	381	386	388	390	395	402	406	408	411	420	421	423	424	428	431	433	437	439	440	
445	447	447	451	454	456	459	462	465	473	473	476	477	485	487	494	494	497	497	502	
503	505	515	520	538	540	545	547	548	554	556	559	561	565	568	569	573	575	588	589	
592	593	594	595	599	600	609	610	610	623	626	626	626	640	646	655	656	661	664	664	
667	673	673	674	685	686	688	696	697	703	703	705	706	713	717	719	719	720	725	732	
737	738	743	745	749	750	755	760	761	762	769	775	776	782	788	792	795	797	799	800	
804	807	808	809	813	824	826	827	827	831	842	843	844	845	845	846	850	851	853	856	
857	863	864	865	865	866	866	872	880	884	885	887	888	895	896	899	901	904	908	909	
911	915	915	916	919	920	924	930	931	931	932	934	935	935	941	945	949	964	966	974	
977	985	987	990	995	998	1002	1020	1021	1027	1031	1032	1033	1042	1048	1051	1052	1053	1060	1064	
1065	1069	1085	1085	1088	1090	1095	1108	1108	1108	1112	1112	1122	1125	1126	1126	1128	1135	1138	1142	
1146	1147	1148	1152	1159	1162	1165	1166	1169	1174	1174	1174	1178	1184	1189	1190	1193	1197	1201	1202	
1205	1215	1217	1217	1218	1222	1226	1228	1232	1232	1232	1237	1242	1242	1255	1256	1256	1256	1260	1267	
1269	1270	1271	1271	1281	1282	1287	1287	1298	1303	1306	1320	1323	1324	1327	1337	1338	1342	1343	1344	
1348	1351	1352	1358	1363	1367	1369	1369	1372	1379	1382	1384	1386	1386	1390	1391	1392	1393	1394	1398	
1399	1402	1402	1415	1425	1427	1429	1432	1433	1434	1437	1438	1451	1451	1452	1457	1465	1468	1471	1472	
1472	1475	1475	1480	1480	1482	1484	1486	1489	1490	1495	1495	1497	1499	1501	1501	1507	1513	1517	1522	
1522	1523	1527	1531	1537	1539	1542	1543	1545	1548	1548	1549	1555	1558	1561	1562	1562	1574	1577	1578	
1583	1586	1590	1594	1594	1596	1606	1608	1610	1610	1611	1615	1616	1618	1619	1620	1623	1624	1626	1628	
1628	1629	1630	1634	1636	1637	1645	1649	1650	1654	1659	1659	1666	1666	1670	1684	1685	1686	1688	1689	
1693	1696	1696	1698	1701	1705	1707	1708	1712	1715	1728	1728	1734	1738	1739	1740	1740	1746	1753	1755	
1758	1759	1762	1770	1772	1775	1780	1786	1791	1792	1793	1796	1798	1800	1800	1801	1804	1804	1807	1810	
1813	1818	1819	1824	1826	1833	1837	1839	1842	1842	1847	1852	1855	1857	1862	1862	1863	1865	1874	1875	
1877	1889	1892	1893	1897	1897	1899	1900	1903	1905	1910	1913	1916	1916	1918	1919	1920	1928	1935	1941	
1945	1946	1946	1948	1950	1953	1955	1957	1958	1959	1960	1965	1968	1972	1972	1974	1975	1984	1985	1985	
1985	1986	1989	1991	1992	1992	1994	1997	1999	2007	2007	2010	2012	2013	2014	2014	2015	2019	2020	2030	
2034	2041	2047	2049	2049	2050	2054	2057	2059	2059	2063	2067	2075	2098	2099	2100	2101	2102	2117	2117	
2117	2119	2126	2131	2134	2135	2145	2150	2150	2159	2163	2164	2170	2173	2173	2174	2179	2180	2182	2187	
2190	2193	2198	2199	2200	2202	2215	2216	2217	2218	2225	2227	2229	2231	2239	2248	2252	2263	2266	2269	
2279	2282	2283	2285	2287	2289	2295	2296	2303	2309	2312	2314	2319	2319	2337	2344	2345	2350	2350	2354	
2370	2371	2372	2373	2373	2376	2381	2385	2386	2391	2396	2400	2412	2417	2421	2421	2422	2423	2424	2425	
2441	2442	2446	2448	2455	2459	2465	2465	2466	2468	2471	2473	2473	2478	2484	2485	2490	2490	2491	2493	
2497	2499	2503	2505	2516	2521	2526	2530	2532	2534	2535	2542	2543	2558	2562	2563	2566	2574	2577	2577	
2581	2586	2591	2591	2592	2593	2594	2594	2597	2598	2602	2604	2608	2613	2614	2614	2615	2616	2621	2641	
2644	2651	2652	2658	2661	2668	2674	2682	2686	2687	2688	2691	2699	2700	2704	2706	2711	2713	2719	2719	
2721	2723	2725	2732	2736	2737	2744	2752	2753	2757	2759	2763	2767	2768	2779	2780	2781	2782	2783	2785	
2786	2786	2791	2791	2796	2805	2806	2808	2809	2811	2813	2819	2820	2821	2822	2826	2828	2831	2833	2834	
2835	2839	2841	2847	2850	2857	2862	2862	2864	2866	2866	2868	2868	2872	2878	2888	2889	2892	2893	2898	
2900	2903	2909	2911	2913	2915	2915	2920	2920	2921	2927	2931	2934	2936	2936	2937	2940	2940	2943	2943	
2950	2952	2956	2961	2967	2967	2969	2975	2978	2978	2981	2987	2989	2991	2992	2997	3002	3007	3010	3011	
3013	3013	3014	3017	3026	3028	3032	3035	3035	3035	3038	3056	3060	3066	3067	3068	3073	3074	3076	3082	
3084	3084	3088	3089	3089	3090	3092	3092	3093	3096	3097	3099	3105	3106	3113	3117	3140	3141	3145	3146	
3150	3156	3159	3160	3160	3163	3163	3167	3168	3175	3177	3178	3187	3192	3192	3195	3197	3203	3205	3208	
3214	3216	3218	3218	3222	3222	3225	3229	3234	3235	3239	3255	3255	3258	3261	3264	3264	3267	3269	3272	
3281	3282	3283	3286	3292	3296	3297	3303	3305	3308	3327	3332	3333	3334	3334	3348	3349	3353	3353	3354	
3360	3360	3360	3361	3362	3362	3363	3363	3364	3369	3370	3379	3381	3382	3383	3384	3388	3390	3402	3404	
3404	3410	3411	3412	3415	3425	3433	3441	3442	3450	3450	3451	3452	3456	3460	3460	3462	3466	3470	3471	
3485	3490	3491	3493	3495	3500	3504	3516	3525	3526	3526	3526	3531	3532	3535	3536	3540	3543	3546	3546	
3548	3549	3551	3552	3556	3559	3560	3563	3570	3570	3572	3578	3581	3582	3585	3586	3587	3588	3594	3595	
3598	3600	3601	3602	3603	3611	3612	3614	3617	3619	3624	3626	3628	3628	3632	3636	3640	3643	3648	3648	
3648	3657	3659	3660	3662	3665	3666	3668	3671	3671	3675	3679	3681	3682	3690	3694	3695	3697	3711	3714	
3715	3726	3727	3728	3731	3733	3733	3734	3738	3738	3743	3748	3748	3749	3751	3752	3756	3760	3769	3773	
3774	3774	3776	3777	3783	3783	3789	3793	3797	3798	3800	3807	3810	3818	3828	3834	3834	3834	3838	3842	
3842	3843	3864	3873	3874	3874	3876	3885	3885	3886	3888	3893	3895	3895	3897	3900	3903	3903	3904	3909	
3910	3916	3917	3919	3920	3921	3937	3940	3942	3944	3946	3947	3948	3949	3957	3958	3961	3968	3968	3970	
3973	3975	3981	3982	3992	3997	4001	4001	4002	4004	4006	4012	4014	4015	4018	4019	4023	4023	4026	4028	
4029	4030	4030	4035	4039	4045	4078	4084	4084	4086	4087	4087	4089	4093	4095	4096	4099	4101	4107	4110	
4116	4116	4118	4120	4123	4126	4129	4134	4134	4136	4139	4149	4149	4153	4153	4154	4157	4164	4168	4173	
4176	4177	4177	4180	4183	4188	4191	4195	4200	4201	4203	4204	4206	4207	4210	4214	4214	4216	4217	4220	
4231	4233	4234	4235	4236	4236	4239	4240	4251	4255	4261	4268	4271	4272	4278	4281	4282	4284	4286	4286	
4286	4287	4288	4294	4295	4297	4298	4300	4301	4302	4304	4307	4312	4317	4317	4324	4333	4333	4336	4336	
4340	4342	4352	4367	4370	4378	4387	4387	4388	4393	4393	4399	4402	4402	4402	4403	4405	4407	4412	4413	
4414	4419	4420	4421	4426	4428	4435	4435	4438	4440	4441	4452	4454	4465	4465	4466	4475	4478	4484	4487	
4488	4491	4492	4494	4494	4494	4503	4505	4507	4507	4509	4509	4510	4515	4515	4515	4518	4525	4526	4535	
4535	4536	4538	4549	4551	4552	4553	4554	4557	4558	4559	4560	4561	4561	4565	4567	4568	4569	4571	4573	
4579	4586	4596	4597	4601	4602	4602	4606	4607	4609	4615	4618	4619	4628	4635	4636	4637	4640	4641	4654	
4654	4654	4655	4658	4658	4661	4663	4666	4666	4675	4676	4677	4678	4678	4682	4690	4691	4691	4696	4696	
4697	4701	4701	4703	4705	4711	4716	4716	4716	4718	4719	4720	4721	4723	4733	4737	4742	4750	4753	4754	
4756	4757	4757	4758	4764	4775	4777	4779	4780	4782	4790	4790	4792	4793	4794	4802	4802	4803	4811	4813	
4814	4819	4822	4825	4830	4830	4830	4831	4833	4833	4833	4836	4836	4838	4838	4852	4852	4854	4855	4856	
4860	4860	4871	4874	4877	4879	4879	4882	4883	4884	4892	4896	4899	4905	4906	4915	4918	4925	4927	4928	
4929	4931	4932	4933	4934	4939	4945	4945	4949	4960	4964	4964	4965	4965	4968	4971	4982	4990	4994	4994	
4997	4999	5001	5001	5003	5004	5009	5010	5012	5013	5015	5018	5018	5023	5028	5028	5034	5036	5040	5041	
5044	5047	5062	5062	5062	5064	5067	5077	5085	5087	5093	5096	5098	5099	5100	5107	5109	5113	5116	5117	
5134	5137	5141	5145	5149	5150	5151	5152	5152	5154	5157	5157	5161	5162	5163	5173	5181	5181	5186	5196	
5199	5200	5204	5205	5206	5216	5218	5220	5221	5221	5226	5230	5231	5232	5234	5236	5240	5251	5254	5265	
5272	5278	5281	5282	5287	5288	5292	5297	5298	5300	5302	5306	5308	5310	5313	5316	5318	5322	5325	5326	
5333	5336	5338	5340	5345	5347	5348	5354	5355	5355	5361	5362	5362	5362	5371	5380	5382	5384	5384	5384	
5386	5387	5388	5391	5396	5398	5401	5404	5413	5414	5416	5416	5424	5428	5430	5434	5434	5435	5438	5438	
5445	5446	5447	5448	5457	5458	5472	5474	5474	5477	5483	5485	5486	5486	5487	5492	5496	5503	5505	5516	
5520	5523	5525	5525	5543	5544	5544	5546	5547	5554	5557	5559	5562	5566	5567	5567	5577	5580	5581	5583	
5587	5588	5590	5593	5601	5608	5611	5640	5640	5645	5649	5649	5650	5653	5656	5663	5664	5664	5668	5671	
5673	5673	5674	5676	5681	5683	5684	5685	5687	5690	5690	5691	5697	5698	5698	5701	5703	5711	5712	5713	
5716	5726	5729	5729	5730	5736	5745	5747	5748	5750	5750	5754	5757	5757	5762	5762	5771	5776	5784	5786	
5786	5787	5789	5790	5795	5798	5798	5800	5801	5808	5816	5820	5824	5827	5842	5846	5856	5858	5861	5866	
5873	5876	5878	5878	5879	5880	5881	5886	5891	5895	5898	5900	5905	5910	5911	5912	5912	5914	5915	5924	
5925	5928	5931	5933	5933	5933	5942	5945	5953	5957	5961	5962	5967	5977	5978	5980	5981	5987	5993	5997	
6000	6002	6010	6011	6011	6015	6018	6018	6030	6030	6040	6040	6042	6043	6046	6049	6051	6061	6064	6065	
6066	6077	6080	6081	6082	6085	6085	6086	6087	6089	6089	6091	6095	6097	6100	6100	6101	6106	6111	6111	
6111	6112	6117	6118	6120	6122	6123	6126	6128	6130	6132	6146	6159	6161	6164	6171	6171	6172	6174	6174	
6179	6182	6186	6187	6195	6195	6195	6197	6198	6199	6203	6203	6209	6215	6220	6222	6233	6236	6237	6240	
6246	6253	6265	6269	6269	6271	6271	6274	6277	6278	6287	6288	6289	6293	6298	6303	6305	6306	6308	6310	
6311	6312	6312	6316	6316	6317	6325	6326	6332	6340	6341	6347	6353	6358	6365	6374	6374	6376	6383	6386	
6393	6395	6396	6401	6408	6410	6412	6414	6420	6424	6425	6428	6431	6433	6434	6439	6441	6445	6448	6451	
6451	6462	6466	6466	6468	6473	6475	6478	6479	6482	6484	6487	6487	6488	6492	6495	6497	6498	6501	6503	
6507	6509	6513	6514	6516	6526	6528	6528	6528	6533	6541	6552	6562	6567	6568	6573	6587	6591	6594	6595	
6600	6605	6614	6618	6622	6624	6628	6636	6639	6639	6641	6643	6644	6646	6665	6672	6687	6688	6690	6691	
6698	6704	6709	6709	6712	6725	6737	6739	6743	6747	6749	6750	6755	6758	6764	6766	6772	6774	6775	6776	
6779	6785	6791	6795	6800	6800	6802	6804	6806	6807	6808	6810	6817	6818	6818	6825	6826	6835	6836	6844	
6851	6856	6856	6859	6869	6869	6869	6870	6871	6879	6884	6884	6885	6885	6886	6891	6895	6897	6903	6904	
6911	6915	6916	6918	6922	6930	6938	6939	6943	6945	6948	6949	6949	6952	6954	6957	6962	6966	6967	6969	
6970	6973	6975	6981	6983	6987	6990	6992	7005	7006	7022	7030	7032	7037	7038	7038	7041	7043	7047	7047	
7056	7064	7065	7066	7075	7080	7084	7086	7087	7089	7094	7094	7094	7095	7096	7100	7101	7102	7104	7107	
7109	7112	7115	7123	7125	7127	7131	7135	7138	7147	7150	7152	7153	7162	7165	7173	7178	7178	7182	7182	
7184	7186	7188	7191	7198	7203	7204	7206	7210	7212	7219	7222	7224	7226	7227	7229	7236	7237	7241	7241	
7242	7245	7248	7249	7268	7273	7278	7279	7279	7280	7284	7295	7298	7300	7301	7308	7311	7313	7313	7316	
7321	7335	7337	7341	7343	7344	7348	7349	7350	7351	7353	7359	7361	7364	7365	7368	7368	7368	7371	7375	
7376	7377	7383	7387	7390	7391	7397	7398	7399	7400	7400	7402	7403	7405	7405	7415	7422	7424	7426	7429	
7429	7433	7436	7443	7446	7459	7459	7464	7464	7467	7469	7470	7471	7471	7471	7479	7482	7483	7483	7487	
7491	7492	7492	7492	7493	7499	7501	7501	7505	7508	7510	7510	7514	7514	7515	7516	7518	7521	7523	7524	
7525	7526	7526	7527	7528	7532	7534	7538	7551	7554	7555	7556	7564	7573	7574	7574	7575	7578	7584	7590	
7590	7592	7593	7595	7597	7599	7602	7604	7610	7613	7614	7616	7622	7628	7637	7640	7647	7648	7649	7654	
7662	7671	7680	7688	7694	7695	7695	7698	7700	7701	7703	7704	7705	7713	7715	7718	7722	7727	7734	7745	
7747	7754	7762	7764	7770	7772	7776	7781	7784	7785	7787	7787	7788	7788	7791	7793	7798	7803	7807	7807	
7808	7808	7810	7812	7816	7821	7824	7828	7830	7837	7838	7840	7845	7848	7857	7863	7875	7876	7877	7877	
7882	7890	7892	7899	7900	7900	7906	7925	7932	7934	7935	7957	7958	7963	7971	7971	7991	7995	8004	8005	
8012	8016	8019	8020	8022	8023	8023	8044	8045	8046	8047	8053	8057	8057	8059	8061	8066	8067	8072	8088	
8088	8090	8091	8093	8101	8103	8110	8110	8112	8115	8117	8125	8137	8143	8144	8148	8148	8150	8151	8152	
8159	8163	8165	8171	8173	8175	8178	8186	8187	8189	8190	8191	8193	8194	8197	8201	8206	8212	8212	8220	
8222	8223	8225	8226	8234	8234	8243	8244	8249	8249	8255	8262	8265	8276	8279	8286	8288	8293	8301	8302	
8302	8307	8309	8312	8312	8317	8319	8330	8330	8332	8332	8334	8351	8363	8364	8369	8372	8375	8375	8378	
8380	8383	8387	8387	8387	8391	8392	8393	8396	8397	8400	8401	8403	8403	8407	8414	8416	8417	8417	8419	
8430	8432	8440	8441	8441	8443	8445	8448	8450	8454	8458	8458	8460	8463	8463	8468	8473	8474	8474	8478	
8478	8478	8478	8483	8483	8484	8484	8487	8489	8492	8494	8497	8504	8511	8514	8519	8525	8527	8528	8537	
8540	8542	8548	8548	8555	8556	8556	8559	8570	8582	8582	8583	8593	8596	8598	8599	8600	8601	8607	8621	
8622	8629	8642	8642	8649	8651	8651	8653	8658	8658	8661	8662	8664	8665	8672	8672	8679	8682	8682	8684	
8685	8696	8698	8699	8700	8709	8711	8715	8717	8718	8722	8723	8723	8724	8728	8729	8729	8731	8734	8738	
8738	8739	8740	8740	8741	8743	8743	8746	8746	8751	8753	8763	8765	8774	8775	8776	8777	8779	8780	8787	
8787	8789	8793	8793	8797	8798	8798	8799	8801	8804	8813	8816	8818	8830	8834	8835	8837	8837	8838	8848	
8849	8858	8861	8862	8865	8870	8870	8871	8872	8880	8882	8882	8884	8887	8891	8892	8899	8900	8902	8904	
8905	8905	8907	8910	8910	8913	8917	8920	8925	8927	8927	8927	8929	8931	8932	8932	8933	8933	8942	8943	
8946	8946	8948	8952	8953	8955	8968	8969	8972	8977	8977	8981	8993	8996	9001	9007	9009	9009	9010	9010	
9016	9018	9020	9025	9029	9033	9038	9039	9043	9047	9049	9049	9052	9052	9059	9063	9065	9065	9067	9070	
9071	9071	9075	9076	9080	9083	9084	9088	9089	9090	9099	9100	9100	9100	9106	9106	9123	9129	9131	9133	
9137	9142	9146	9148	9155	9158	9159	9163	9165	9165	9173	9177	9181	9182	9192	9193	9199	9207	9211	9213	
9217	9217	9221	9225	9226	9237	9240	9241	9242	9244	9246	9250	9251	9255	9263	9265	9266	9277	9277	9282	
9282	9284	9286	9287	9288	9288	9291	9292	9303	9303	9304	9306	9316	9319	9319	9324	9325	9331	9334	9336	
9336	9342	9343	9349	9351	9352	9353	9354	9357	9359	9367	9375	9378	9382	9384	9385	9389	9390	9396	9396	
9396	9398	9400	9406	9407	9407	9408	9412	9414	9418	9424	9425	9434	9437	9442	9443	9449	9450	9454	9460	
9475	9476	9481	9487	9488	9493	9495	9497	9500	9504	9505	9511	9511	9511	9513	9517	9517	9522	9522	9524	
9528	9532	9534	9538	9539	9540	9543	9544	9547	9549	9551	9553	9556	9557	9564	9565	9568	9570	9577	9579	
9579	9582	9582	9586	9586	9589	9594	9599	9600	9601	9603	9608	9614	9615	9616	9626	9626	9626	9628	9629	
9632	9632	9634	9638	9643	9645	9648	9654	9659	9662	9671	9675	9675	9676	9677	9680	9688	9691	9695	9696	
9699	9699	9707	9708	9709	9715	9718	9719	9729	9731	9732	9739	9744	9751	9754	9757	9757	9757	9757	9758	
9760	9761	9762	9763	9769	9774	9779	9781	9782	9787	9790	9790	9792	9793	9797	9797	9797	9798	9800	9810	
9813	9819	9820	9824	9825	9832	9834	9838	9843	9846	9847	9848	9850	9857	9860	9862	9863	9864	9867	9868	
9869	9871	9877	9878	9880	9883	9884	9890	9891	9893	9893	9893	9895	9895	9896	9898	9900	9902	9903	9914	
9914	9916	9918	9919	9922	9923	9923	9929	9934	9940	9940	9940	9943	9943	9943	9944	9945	9946	9948	9948	
9951	9957	9958	9963	9963	9967	9978	9980	9983	9986	9988	9989	9990	9994	9995	9996	9998	10000	10000	10001	
10001	10004	10007	10014	10025	10025	10034	10036	10038	10039	10042	10043	10043	10044	10048	10049	10051	10055	10064	10065	
10066	10068	10074	10078	10079	10081	10084	10089	10094	10094	10095	10095	10099	10100	10101	10106	10107	10112	10113	10119	
10120	10122	10134	10137	10139	10140	10141	10144	10148	10150	10155	10159	10172	10172	10175	10176	10177	10179	10179	10182	
10184	10185	10191	10191	10191	10195	10195	10199	10201	10202	10203	10205	10206	10206	10213	10219	10219	10219	10233	10234	
10234	10240	10240	10242	10248	10250	10250	10254	10256	10260	10260	10265	10266	10267	10276	10280	10281	10281	10284	10300	
10301	10304	10304	10304	10305	10309	10310	10313	10319	10325	10331	10338	10339	10344	10347	10347	10349	10354	10356	10357	
10359	10361	10363	10365	10378	10380	10382	10390	10396	10396	10398	10402	10406	10408	10410	10413	10415	10417	10418	10420	
10421	10423	10436	10442	10442	10444	10450	10452	10455	10456	10459	10463	10473	10479	10481	10483	10486	10489	10490	10499	
10500	10500	10501	10504	10506	10509	10515	10525	10528	10530	10532	10533	10536	10543	10544	10547	10549	10551	10560	10562	
10569	10569	10569	10569	10570	10576	10578	10579	10582	10583	10585	10595	10596	10600	10603	10604	10616	10617	10617	10620	
10621	10622	10625	10625	10627	10631	10632	10639	10641	10652	10653	10676	10677	10679	10682	10693	10696	10703	10705	10706	
10711	10720	10720	10721	10722	10723	10725	10726	10735	10737	10738	10748	10765	10770	10773	10782	10782	10786	10796	10803	
10808	10811	10811	10816	10818	10818	10825	10831	10835	10836	10840	10843	10843	10843	10844	10844	10844	10851	10854	10854	
10859	10867	10871	10873	10874	10876	10880	10884	10886	10887	10889	10889	10910	10910	10913	10920	10922	10927	10934	10939	
10943	10944	10949	10950	10956	10962	10962	10963	10963	10964	10966	10972	10978	10980	10981	10983	10987	10989	10998	11002	
11003	11004	11010	11019	11025	11026	11033	11035	11038	11041	11050	11050	11054	11058	11060	11068	11074	11077	11078	11078	
11080	11084	11089	11093	11097	11101	11103	11107	11112	11114	11115	11121	11121	11136	11138	11138	11140	11141	11141	11145	
11148	11149	11154	11158	11160	11160	11163	11164	11165	11167	11168	11168	11172	11174	11177	11179	11179	11186	11188	11192	
11194	11194	11194	11195	11196	11201	11204	11208	11210	11216	11217	11218	11220	11229	11232	11235	11242	11244	11247	11249	
11251	11251	11257	11262	11271	11272	11274	11276	11278	11287	11287	11288	11296	11299	11300	11300	11302	11304	11307	11310	
11312	11315	11316	11316	11317	11326	11330	11334	11336	11343	11345	11346	11346	11347	11348	11349	11350	11350	11351	11354	
11358	11359	11361	11364	11366	11372	11379	11380	11382	11382	11389	11389	11389	11389	11390	11396	11398	11399	11400	11406	
11407	11410	11416	11422	11424	11428	11431	11432	11434	11435	11437	11449	11451	11453	11456	11457	11459	11465	11469	11482	
11490	11496	11496	11501	11502	11508	11509	11511	11512	11514	11516	11521	11522	11540	11550	11550	11550	11553	11567	11571	
11574	11575	11577	11578	11579	11579	11586	11595	11597	11601	11602	11606	11619	11619	11624	11624	11630	11636	11639	11640	
11640	11645	11645	11646	11646	11656	11658	11660	11662	11663	11667	11668	11669	11671	11672	11675	11676	11678	11683	11684	
11686	11687	11692	11700	11701	11703	11707	11707	11710	11714	11715	11716	11717	11718	11719	11724	11736	11742	11743	11751	
11756	11756	11761	11766	11769	11770	11770	11774	11774	11777	11778	11781	11784	11796	11800	11804	11810	11810	11814	11821	
11823	11823	11824	11827	11829	11830	11832	11835	11840	11840	11843	11843	11847	11847	11849	11854	11856	11861	11862	11862	
11873	11874	11878	11879	11883	11885	11891	11891	11892	11894	11896	11898	11902	11902	11907	11908	11909	11912	11912	11913	
11914	11916	11918	11923	11927	11928	11931	11933	11937	11940	11943	11950	11950	11952	11959	11959	11961	11967	11973	11976	
11981	11990	11993	11997	11998	11998	12007	12012	12014	12018	12025	12031	12031	12032	12037	12039	12042	12047	12051	12055	
12055	12056	12058	12059	12061	12070	12071	12072	12078	12080	12081	12092	12094	12097	12101	12106	12107	12109	12118	12120	
12121	12127	12127	12129	12130	12130	12132	12134	12137	12146	12149	12152	12161	12161	12163	12165	12166	12171	12172	12173	
12180	12182	12187	12194	12195	12198	12202	12204	12210	12212	12213	12215	12216	12221	12222	12225	12228	12231	12231	12234	
12235	12240	12242	12257	12260	12267	12273	12279	12282	12284	12285	12290	12290	12295	12296	12298	12306	12307	12308	12315	
12315	12320	12321	12322	12325	12326	12328	12329	12336	12337	12339	12342	12348	12354	12356	12357	12360	12360	12360	12362	
12363	12368	12371	12376	12377	12383	12384	12386	12386	12388	12389	12390	12396	12397	12398	12403	12403	12406	12409	12416	
12427	12430	12432	12433	12442	12444	12444	12446	12447	12450	12452	12457	12459	12460	12460	12461	12466	12467	12469	12475	
12477	12478	12478	12478	12484	12486	12486	12493	12493	12496	12496	12499	12503	12511	12511	12512	12512	12517	12531	12535	
12540	12545	12547	12551	12554	12557	12557	12562	12563	12571	12573	12574	12575	12576	12578	12579	12589	12598	12598	12599	
12601	12610	12613	12614	12616	12617	12618	12620	12631	12636	12636	12640	12644	12649	12649	12651	12654	12659	12661	12661	
12662	12666	12667	12672	12680	12681	12681	12685	12688	12688	12688	12689	12696	12700	12703	12705	12708	12710	12717	12720	
12721	12729	12736	12738	12742	12744	12748	12753	12753	12753	12755	12759	12763	12769	12773	12774	12776	12777	12779	12781	
12787	12794	12795	12797	12800	12809	12812	12813	12815	12820	12824	12827	12830	12832	12838	12839	12840	12840	12848	12854	
12857	12859	12872	12874	12876	12876	12878	12879	12905	12906	12921	12921	12926	12928	12929	12936	12944	12947	12950	12958	
12959	12962	12963	12964	12971	12980	12989	12991	12993	12994	12997	12999	13000	13002	13007	13008	13009	13009	13010	13011	
13013	13014	13017	13020	13021	13022	13024	13027	13027	13028	13030	13037	13037	13039	13048	13052	13053	13060	13060	13081	
13082	13088	13091	13093	13093	13096	13097	13106	13112	13125	13127	13128	13129	13139	13139	13153	13154	13155	13156	13162	
13165	13165	13170	13185	13186	13190	13190	13194	13195	13198	13204	13205	13209	13214	13219	13223	13225	13227	13237	13241	
13241	13242	13246	13246	13250	13251	13254	13258	13261	13262	13263	13266	13268	13269	13272	13280	13280	13282	13287	13287	
13289	13295	13303	13303	13314	13314	13323	13330	13334	13337	13346	13351	13355	13361	13361	13362	13363	13372	13374	13375	
13376	13379	13381	13385	13385	13391	13392	13396	13397	13402	13402	13402	13403	13404	13408	13415	13425	13428	13435	13439	
13439	13441	13447	13461	13470	13479	13480	13481	13485	13486	13490	13500	13501	13501	13503	13507	13511	13513	13525	13526	
13529	13530	13530	13533	13535	13537	13539	13540	13544	13545	13546	13548	13554	13560	13567	13568	13573	13575	13577	13581	
13582	13582	13584	13585	13588	13588	13591	13592	13592	13593	13599	13602	13609	13609	13611	13611	13616	13619	13623	13623	
13624	13624	13634	13635	13639	13640	13645	13646	13650	13650	13652	13652	13656	13658	13663	13663	13665	13666	13666	13671	
13671	13673	13675	13682	13683	13683	13691	13696	13698	13701	13709	13709	13711	13715	13720	13724	13733	13733	13735	13735	
13736	13739	13742	13752	13753	13762	13769	13769	13772	13772	13774	13775	13788	13791	13793	13795	13797	13799	13800	13803	
13804	13813	13814	13819	13819	13822	13823	13830	13831	13832	13839	13840	13842	13845	13848	13850	13850	13853	13862	13863	
13871	13872	13879	13882	13883	13883	13885	13885	13893	13894	13894	13896	13898	13900	13904	13904	13908	13908	13910	13911	
13913	13918	13920	13924	13928	13932	13936	13936	13936	13940	13943	13944	13949	13951	13952	13952	13952	13955	13959	13962	
13964	13966	13972	13981	13988	13990	14002	14002	14003	14004	14010	14010	14011	14012	14020	14023	14024	14029	14034	14035	
14036	14038	14039	14041	14042	14046	14048	14048	14051	14054	14055	14060	14060	14063	14068	14069	14071	14071	14077	14080	
14085	14088	14090	14092	14094	14096	14098	14098	14101	14104	14107	14116	14129	14134	14134	14136	14136	14137	14137	14140	
14142	14144	14152	14154	14155	14156	14160	14161	14161	14165	14177	14180	14180	14182	14184	14185	14187	14188	14188	14193	
14195	14196	14204	14206	14208	14208	14210	14210	14211	14214	14218	14221	14224	14225	14226	14226	14226	14233	14235	14241	
14250	14254	14275	14279	14279	14280	14280	14281	14283	14284	14286	14287	14288	14288	14296	14297	14297	14297	14300	14304	
14306	14308	14308	14309	14312	14316	14320	14324	14326	14329	14332	14336	14337	14338	14339	14339	14351	14354	14355	14359	
14361	14365	14366	14366	14368	14368	14369	14374	14375	14375	14376	14377	14390	14391	14393	14396	14397	14397	14400	14409	
14417	14424	14430	14431	14431	14434	14437	14438	14439	14443	14445	14445	14446	14448	14448	14450	14454	14470	14470	14476	
14478	14489	14494	14495	14496	14498	14504	14508	14510	14512	14512	14513	14513	14513	14513	14521	14524	14525	14527	14529	
14530	14532	14535	14537	14541	14541	14542	14549	14551	14551	14555	14558	14561	14572	14578	14586	14588	14598	14599	14600	
14607	14610	14612	14612	14618	14621	14622	14636	14638	14641	14645	14646	14646	14647	14651	14653	14658	14658	14661	14664	
14666	14674	14675	14679	14681	14687	14689	14689	14693	14697	14706	14708	14708	14709	14712	14718	14719	14726	14732	14737	
14742	14746	14751	14752	14757	14758	14759	14761	14768	14778	14781	14782	14785	14791	14791	14792	14795	14798	14801	14802	
14805	14807	14813	14813	14814	14820	14820	14824	14826	14828	14829	14843	14843	14846	14847	14853	14854	14854	14856	14857	
14858	14863	14864	14866	14867	14869	14875	14877	14878	14879	14884	14885	14888	14889	14890	14904	14906	14909	14911	14920	
14921	14926	14926	14930	14930	14938	14939	14939	14940	14945	14946	14948	14953	14955	14956	14956	14956	14958	14959	14961	
14975	14977	14988	14990	14995	14995	14997	15000	15009	15013	15013	15015	15016	15022	15023	15024	15026	15032	15036	15036	
15046	15053	15054	15057	15060	15060	15064	15065	15066	15072	15072	15075	15081	15084	15085	15088	15090	15097	15097	15110	
15111	15112	15130	15130	15131	15131	15134	15137	15141	15146	15147	15147	15149	15155	15167	15167	15171	15172	15174	15178	
15185	15188	15193	15196	15202	15208	15211	15212	15213	15216	15219	15219	15224	15225	15226	15227	15231	15235	15236	15237	
15242	15243	15251	15252	15252	15253	15255	15256	15257	15257	15258	15263	15268	15270	15271	15273	15274	15275	15278	15281	
15288	15292	15294	15299	15302	15304	15305	15307	15312	15313	15322	15325	15334	15340	15342	15352	15353	15359	15361	15362	
15369	15371	15371	15373	15374	15378	15383	15383	15384	15385	15386	15388	15392	15398	15410	15415	15418	15418	15420	15423	
15425	15426	15429	15433	15433	15434	15436	15451	15454	15455	15456	15458	15466	15466	15468	15469	15471	15474	15478	15487	
15488	15493	15495	15504	15506	15507	15516	15519	15521	15521	15521	15523	15524	15529	15534	15537	15537	15543	15544	15551	
15552	15553	15554	15557	15558	15559	15560	15561	15570	15576	15577	15582	15588	15591	15593	15600	15601	15607	15611	15618	
15618	15630	15633	15633	15634	15636	15637	15640	15649	15649	15654	15665	15665	15666	15668	15670	15675	15688	15688	15688	
15690	15691	15692	15692	15698	15699	15701	15701	15703	15706	15716	15720	15725	15740	15742	15743	15743	15744	15754	15758	
15767	15768	15768	15770	15771	15772	15773	15774	15786	15789	15790	15794	15796	15798	15799	15800	15806	15808	15810	15812	
15813	15813	15815	15821	15822	15822	15823	15825	15836	15837	15839	15847	15848	15852	15853	15857	15859	15864	15868	15874	
15875	15880	15882	15891	15894	15896	15897	15898	15903	15906	15906	15918	15921	15924	15925	15926	15931	15931	15932	15935	
15937	15941	15946	15947	15953	15955	15957	15957	15958	15961	15967	15971	15972	15982	15985	15987	15990	15993	16005	16015	
16019	16024	16032	16033	16036	16037	16038	16038	16043	16043	16044	16045	16052	16052	16055	16057	16057	16058	16064	16064	
16065	16065	16065	16068	16069	16070	16073	16075	16075	16083	16083	16083	16087	16090	16092	16101	16106	16106	16113	16113	
16119	16121	16121	16123	16123	16124	16132	16134	16137	16145	16154	16159	16161	16164	16168	16177	16188	16190	16192	16198	
16199	16201	16208	16211	16213	16216	16221	16222	16224	16226	16227	16230	16231	16232	16233	16239	16242	16244	16252	16254	
16259	16267	16267	16269	16274	16276	16283	16284	16287	16297	16306	16306	16314	16319	16321	16327	16329	16330	16334	16346	
16346	16347	16348	16352	16353	16356	16362	16367	16368	16372	16373	16375	16377	16379	16380	16381	16385	16386	16393	16397	
16398	16400	16408	16412	16413	16416	16418	16423	16427	16429	16430	16432	16433	16439	16440	16440	16441	16451	16458	16459	
16459	16461	16462	16463	16465	16469	16474	16478	16478	16481	16489	16493	16496	16504	16505	16505	16508	16509	16516	16517	
16525	16525	16531	16532	16537	16539	16540	16541	16551	16554	16555	16563	16563	16572	16578	16582	16592	16592	16596	16603	
16604	16608	16612	16614	16616	16620	16621	16623	16625	16626	16630	16630	16634	16634	16636	16636	16638	16638	16642	16643	
16644	16645	16649	16652	16658	16667	16677	16680	16687	16689	16689	16697	16700	16702	16704	16710	16711	16712	16716	16719	
16725	16726	16729	16730	16741	16748	16753	16756	16758	16759	16762	16762	16764	16765	16769	16770	16772	16775	16785	16794	
16799	16805	16806	16810	16811	16814	16818	16821	16823	16826	16833	16840	16843	16847	16851	16854	16854	16860	16863	16863	
16863	16867	16874	16876	16879	16879	16883	16886	16900	16906	16911	16915	16920	16922	16922	16933	16936	16936	16936	16937	
16945	16945	16946	16948	16953	16953	16955	16956	16958	16960	16960	16964	16971	16972	16974	16975	16982	16987	16992	16995	
16996	16997	16998	17004	17006	17006	17007	17008	17014	17016	17017	17022	17024	17026	17034	17035	17035	17036	17036	17043	
17048	17051	17056	17058	17060	17061	17061	17066	17067	17069	17070	17070	17073	17079	17080	17080	17085	17087	17089	17096	
17099	17100	17109	17109	17111	17114	17116	17118	17123	17123	17131	17140	17140	17143	17143	17146	17146	17150	17152	17154	
17155	17155	17162	17171	17173	17174	17175	17176	17184	17197	17206	17215	17222	17224	17225	17226	17228	17230	17237	17246	
17248	17250	17256	17258	17259	17260	17264	17265	17268	17271	17273	17273	17279	17280	17281	17284	17286	17286	17290	17291	
17293	17294	17294	17295	17316	17323	17326	17328	17332	17335	17336	17344	17344	17349	17350	17350	17351	17352	17353	17353	
17355	17359	17361	17368	17370	17372	17373	17383	17389	17393	17395	17402	17404	17408	17417	17418	17426	17427	17428	17433	
17448	17448	17452	17462	17471	17473	17474	17475	17481	17487	17491	17491	17492	17494	17495	17499	17500	17503	17503	17505	
17507	17508	17508	17509	17515	17523	17524	17539	17540	17546	17549	17560	17561	17571	17576	17579	17579	17585	17585	17587	
17595	17599	17605	17607	17608	17609	17611	17615	17615	17616	17617	17623	17625	17629	17630	17631	17635	17637	17637	17643	
17643	17644	17652	17657	17657	17663	17669	17672	17674	17675	17676	17676	17681	17682	17684	17690	17701	17701	17704	17709	
17713	17714	17715	17724	17724	17724	17725	17734	17740	17744	17745	17751	17753	17754	17755	17758	17765	17767	17769	17771	
17776	17777	17777	17778	17779	17780	17787	17789	17794	17797	17800	17814	17817	17818	17826	17829	17829	17830	17843	17848	
17853	17854	17858	17866	17878	17883	17887	17892	17899	17901	17903	17910	17911	17913	17916	17917	17920	17925	17927	17930	
17930	17932	17938	17941	17943	17945	17948	17953	17957	17961	17965	17966	17969	17972	17975	17975	17981	17981	17990	17992	
17993	17998	17999	17999	18003	18005	18007	18007	18008	18014	18015	18015	18015	18016	18017	18029	18033	18034	18035	18035	
18039	18052	18055	18059	18068	18069	18071	18076	18079	18080	18081	18082	18084	18096	18116	18120	18121	18121	18125	18127	
18128	18129	18131	18133	18134	18139	18146	18151	18166	18169	18172	18173	18180	18181	18182	18186	18187	18194	18196	18200	
18203	18203	18204	18206	18211	18214	18217	18223	18228	18229	18229	18229	18230	18234	18235	18235	18236	18240	18240	18260	
18262	18270	18270	18271	18271	18272	18273	18278	18284	18292	18297	18299	18302	18307	18309	18315	18318	18325	18333	18343	
18343	18345	18347	18363	18364	18367	18368	18370	18376	18382	18383	18386	18396	18399	18407	18410	18414	18416	18434	18435	
18436	18447	18447	18457	18477	18479	18482	18484	18492	18497	18500	18504	18511	18513	18513	18515	18525	18526	18528	18532	
18533	18534	18534	18541	18541	18545	18551	18553	18554	18556	18560	18568	18572	18577	18580	18586	18590	18590	18594	18597	
18605	18616	18620	18626	18626	18628	18632	18634	18643	18643	18643	18646	18652	18654	18661	18663	18673	18677	18679	18682	
18700	18707	18711	18713	18715	18721	18724	18725	18733	18734	18737	18745	18749	18751	18753	18753	18758	18767	18789	18790	
18791	18797	18800	18802	18806	18821	18837	18839	18857	18865	18868	18868	18871	18872	18874	18876	18882	18884	18888	18889	
18889	18890	18890	18893	18895	18897	18905	18906	18907	18912	18917	18917	18928	18929	18944	18945	18950	18956	18961	18961	
18962	18965	18969	18969	18976	18979	18981	18981	18982	18984	18984	18984	18990	18992	18995	19001	19002	19003	19004	19005	
19011	19014	19014	19014	19020	19026	19037	19037	19040	19048	19053	19054	19055	19055	19057	19061	19063	19067	19067	19072	
19075	19077	19082	19082	19089	19089	19092	19093	19097	19102	19103	19105	19110	19126	19128	19131	19136	19139	19140	19141	
19143	19146	19157	19159	19162	19167	19171	19172	19173	19179	19180	19188	19202	19211	19214	19215	19216	19218	19219	19219	
19219	19222	19223	19224	19226	19230	19235	19236	19238	19243	19244	19245	19252	19253	19253	19272	19284	19284	19285	19289	
19293	19299	19309	19310	19319	19328	19336	19338	19342	19342	19343	19347	19356	19369	19377	19379	19381	19385	19386	19388	
19389	19400	19405	19406	19407	19418	19420	19421	19422	19422	19430	19432	19437	19443	19445	19452	19454	19466	19471	19472	
19473	19476	19482	19485	19489	19496	19500	19507	19510	19511	19512	19514	19524	19530	19531	19531	19542	19554	19554	19556	
19556	19559	19561	19562	19568	19569	19577	19579	19584	19585	19585	19588	19590	19593	19595	19595	19608	19608	19611	19619	
19620	19623	19624	19627	19628	19628	19629	19645	19650	19657	19661	19663	19663	19672	19674	19678	19680	19688	19692	19693	
19698	19699	19700	19704	19712	19712	19718	19726	19740	19740	19741	19748	19749	19749	19754	19759	19760	19760	19760	19762	
19765	19765	19767	19775	19775	19784	19790	19790	19793	19796	19805	19805	19807	19808	19809	19813	19813	19817	19830	19831	
19835	19837	19837	19840	19841	19842	19849	19852	19854	19855	19856	19858	19860	19860	19860	19865	19875	19879	19889	19893	
19896	19900	19901	19902	19905	19915	19915	19917	19918	19918	19919	19920	19921	19922	19927	19930	19930	19930	19934	19934	
19937	19940	19942	19942	19951	19951	19955	19956	19959	19966	19973	19974	19975	19977	19982	19982	19982	19983	19986	19986	
19987	19988	19988	19992	19994	19995	20005	20010	20022	20024	20031	20037	20039	20041	20042	20044	20044	20048	20050	20052	
20052	20052	20052	20054	20056	20064	20066	20067	20078	20084	20093	20095	20099	20100	20102	20103	20104	20105	20116	20119	
20121	20122	20123	20127	20128	20130	20130	20131	20133	20135	20142	20143	20144	20157	20164	20177	20193	20194	20199	20204	
20209	20211	20218	20221	20224	20231	20232	20234	20236	20240	20244	20244	20246	20247	20251	20252	20255	20256	20257	20260	
20264	20267	20275	20287	20288	20299	20302	20304	20306	20306	20307	20313	20315	20315	20319	20324	20327	20328	20335	20337	
20338	20341	20341	20342	20345	20349	20350	20353	20355	20356	20357	20359	20363	20374	20383	20385	20388	20389	20393	20396	
20402	20404	20405	20409	20418	20423	20425	20437	20439	20443	20445	20446	20450	20452	20461	20462	20462	20463	20472	20476	
20484	20488	20488	20496	20497	20498	20507	20511	20518	20518	20521	20526	20528	20529	20530	20533	20534	20534	20536	20537	
20538	20539	20541	20546	20547	20553	20553	20556	20565	20565	20566	20567	20570	20570	20579	20586	20593	20593	20594	20606	
20609	20611	20612	20613	20614	20618	20618	20620	20620	20621	20621	20625	20627	20628	20629	20634	20651	20655	20656	20657	
20661	20662	20666	20674	20676	20677	20679	20681	20685	20692	20696	20707	20711	20711	20712	20716	20717	20718	20720	20723	
20725	20730	20731	20734	20735	20742	20767	20768	20770	20770	20772	20778	20779	20780	20784	20785	20786	20787	20788	20789	
20789	20789	20791	20795	20796	20797	20802	20803	20805	20808	20809	20821	20821	20822	20823	20826	20829	20831	20838	20840	
20850	20851	20855	20857	20859	20867	20876	20879	20882	20885	20888	20888	20904	20905	20910	20911	20913	20917	20920	20921	
20923	20928	20932	20932	20934	20938	20939	20943	20943	20950	20952	20954	20958	20963	20966	20974	20979	20979	20980	20981	
20982	20986	20986	20988	20988	20989	20992	20998	20999	21003	21005	21008	21019	21020	21024	21032	21036	21040	21043	21045	
21046	21056	21059	21064	21066	21066	21067	21072	21091	21091	21093	21096	21106	21107	21111	21116	21122	21128	21136	21138	
21142	21143	21145	21149	21150	21157	21158	21159	21169	21175	21176	21184	21185	21189	21194	21196	21197	21200	21211	21213	
21213	21213	21215	21219	21221	21225	21229	21231	21233	21242	21244	21251	21263	21265	21267	21274	21277	21293	21297	21303	
21303	21305	21309	21311	21312	21313	21315	21318	21319	21319	21320	21322	21322	21325	21326	21326	21336	21338	21345	21348	
21349	21358	21360	21360	21360	21362	21367	21374	21382	21383	21387	21390	21393	21400	21401	21402	21407	21413	21414	21414	
21416	21420	21425	21446	21447	21448	21454	21457	21459	21461	21466	21466	21469	21472	21487	21493	21495	21502	21507	21514	
21516	21518	21527	21530	21532	21534	21539	21543	21545	21545	21549	21552	21561	21564	21564	21566	21567	21570	21579	21579	
21583	21585	21588	21592	21596	21598	21600	21605	21609	21610	21615	21624	21636	21639	21642	21647	21648	21650	21650	21652	
21654	21657	21659	21667	21672	21672	21673	21683	21687	21699	21700	21701	21703	21711	21728	21728	21728	21731	21738	21742	
21744	21746	21746	21758	21763	21763	21765	21766	21766	21767	21772	21773	21778	21779	21782	21783	21784	21784	21785	21787	
21792	21793	21794	21798	21805	21806	21814	21819	21820	21822	21822	21822	21825	21826	21834	21838	21839	21844	21845	21851	
21854	21857	21857	21865	21865	21865	21867	21873	21882	21886	21888	21891	21897	21897	21900	21903	21903	21914	21914	21915	
21917	21920	21921	21922	21927	21928	21928	21933	21933	21935	21935	21936	21937	21944	21953	21956	21958	21959	21961	21961	
21961	21962	21963	21965	21969	21972	21980	21983	21986	21991	21993	21996	22001	22002	22005	22006	22009	22010	22015	22017	
22024	22028	22030	22031	22031	22044	22047	22050	22052	22060	22068	22069	22069	22071	22072	22081	22081	22082	22084	22085	
22089	22097	22103	22111	22115	22116	22117	22123	22126	22131	22134	22135	22135	22137	22140	22145	22145	22147	22148	22154	
22160	22164	22165	22172	22180	22184	22190	22194	22198	22199	22202	22206	22208	22209	22222	22225	22227	22227	22227	22231	
22232	22237	22241	22242	22243	22246	22248	22250	22256	22258	22258	22263	22270	22271	22272	22278	22287	22288	22298	22299	
22299	22306	22308	22317	22319	22322	22324	22331	22333	22333	22335	22337	22340	22342	22342	22342	22344	22348	22354	22355	
22356	22356	22360	22364	22365	22367	22367	22370	22371	22373	22383	22386	22417	22417	22422	22422	22426	22431	22437	22439	
22450	22452	22452	22454	22462	22463	22469	22474	22474	22475	22477	22478	22478	22483	22483	22491	22492	22496	22498	22501	
22507	22523	22526	22527	22530	22534	22534	22539	22539	22543	22546	22549	22557	22557	22557	22570	22582	22582	22585	22585	
22586	22589	22591	22593	22594	22596	22597	22600	22600	22600	22607	22607	22609	22610	22614	22620	22626	22626	22626	22641	
22642	22644	22644	22645	22649	22655	22656	22656	22658	22664	22666	22669	22670	22674	22683	22685	22691	22692	22697	22700	
22700	22703	22707	22708	22714	22715	22722	22724	22731	22738	22740	22741	22741	22742	22744	22745	22751	22753	22755	22757	
22762	22765	22765	22771	22773	22779	22779	22781	22782	22786	22787	22787	22788	22788	22788	22789	22792	22796	22803	22804	
22809	22813	22821	22827	22831	22833	22833	22836	22840	22841	22843	22853	22858	22858	22860	22861	22865	22866	22868	22868	
22870	22874	22878	22880	22880	22882	22885	22890	22892	22895	22896	22899	22900	22901	22904	22906	22910	22922	22922	22929	
22936	22936	22942	22943	22958	22958	22959	22961	22961	22964	22965	22968	22971	22971	22973	22973	22985	22989	22992	22993	
23006	23007	23008	23009	23011	23012	23014	23015	23020	23022	23022	23022	23027	23027	23027	23029	23030	23031	23031	23035	
23048	23059	23069	23073	23073	23080	23081	23084	23084	23085	23087	23093	23096	23101	23103	23110	23113	23116	23119	23122	
23123	23125	23127	23130	23130	23136	23141	23142	23152	23160	23161	23166	23168	23169	23176	23185	23186	23190	23199	23203	
23203	23207	23209	23217	23217	23218	23221	23222	23227	23230	23231	23234	23240	23242	23245	23247	23248	23254	23256	23261	
23262	23262	23267	23272	23273	23279	23283	23284	23287	23294	23294	23296	23318	23320	23320	23322	23326	23326	23338	23338	
23344	23348	23349	23362	23366	23375	23378	23381	23387	23388	23390	23402	23402	23403	23403	23406	23408	23414	23415	23418	
23423	23425	23427	23432	23432	23433	23435	23440	23445	23448	23455	23459	23462	23464	23465	23467	23468	23468	23471	23473	
23475	23476	23483	23494	23494	23497	23498	23503	23505	23506	23508	23511	23514	23514	23519	23519	23522	23523	23524	23527	
23528	23533	23538	23545	23546	23554	23559	23562	23565	23566	23568	23570	23571	23571	23571	23574	23577	23578	23580	23581	
23584	23587	23593	23602	23603	23606	23606	23607	23617	23617	23618	23618	23622	23623	23628	23629	23635	23637	23642	23648	
23654	23657	23661	23667	23669	23676	23677	23681	23684	23695	23697	23702	23708	23714	23715	23722	23732	23733	23734	23737	
23740	23740	23742	23743	23745	23752	23753	23755	23756	23760	23764	23766	23768	23768	23775	23777	23777	23781	23782	23788	
23789	23789	23793	23794	23796	23796	23798	23799	23805	23806	23808	23809	23812	23812	23814	23818	23821	23821	23821	23822	
23823	23828	23830	23832	23833	23836	23843	23845	23849	23850	23853	23854	23855	23862	23864	23864	23869	23871	23873	23879	
23879	23879	23881	23885	23888	23891	23892	23900	23902	23906	23908	23911	23912	23912	23916	23925	23927	23935	23938	23938	
23938	23939	23944	23945	23945	23948	23949	23952	23953	23963	23967	23969	23970	23971	23971	23972	23975	23975	23977	23977	
23977	23981	23982	23987	23988	23990	23991	23994	23994	23995	24009	24014	24016	24020	24023	24024	24028	24037	24038	24039	
24046	24048	24054	24055	24056	24062	24062	24066	24070	24074	24074	24075	24076	24076	24079	24081	24086	24087	24090	24093	
24096	24096	24098	24111	24115	24122	24124	24133	24136	24158	24160	24161	24164	24164	24169	24170	24170	24172	24172	24174	
24174	24178	24187	24190	24191	24193	24198	24199	24207	24208	24210	24212	24214	24224	24224	24227	24231	24238	24239	24247	
24247	24250	24254	24254	24255	24255	24256	24256	24259	24267	24276	24277	24281	24296	24297	24301	24303	24304	24304	24307	
24308	24309	24309	24310	24311	24318	24327	24331	24333	24333	24335	24339	24345	24349	24351	24352	24358	24359	24360	24365	
24367	24368	24368	24371	24374	24378	24378	24379	24379	24381	24382	24385	24390	24402	24404	24404	24409	24419	24420	24422	
24422	24426	24427	24430	24432	24432	24433	24433	24438	24441	24446	24449	24454	24455	24455	24455	24459	24460	24467	24468	
24496	24496	24501	24502	24513	24514	24515	24524	24529	24534	24541	24547	24549	24550	24552	24556	24564	24565	24566	24569	
24573	24574	24575	24576	24580	24584	24585	24585	24593	24597	24598	24602	24609	24612	24613	24614	24615	24615	24617	24620	
24625	24630	24634	24635	24639	24639	24648	24652	24657	24657	24661	24672	24674	24678	24682	24682	24687	24692	24693	24693	
24700	24709	24712	24714	24721	24727	24729	24730	24743	24759	24762	24763	24763	24764	24767	24773	24781	24781	24785	24786	
24788	24789	24789	24792	24794	24799	24808	24808	24808	24809	24813	24813	24814	24819	24821	24822	24827	24830	24831	24833	
24835	24841	24843	24846	24847	24850	24856	24859	24861	24863	24864	24869	24870	24891	24892	24893	24894	24894	24895	24905	
24905	24912	24915	24920	24923	24924	24926	24927	24927	24928	24930	24932	24932	24937	24945	24950	24951	24955	24957	24959	
24966	24967	24969	24969	24969	24971	24972	24980	24984	24987	24992	24998	25000	25001	25004	25008	25019	25022	25023	25025	
25028	25029	25036	25044	25045	25062	25065	25077	25084	25087	25089	25095	25103	25103	25105	25108	25108	25109	25114	25116	
25122	25135	25136	25136	25138	25149	25151	25153	25157	25158	25162	25163	25181	25181	25184	25185	25188	25191	25197	25199	
25202	25206	25207	25213	25214	25216	25217	25217	25222	25225	25227	25227	25229	25233	25238	25244	25249	25251	25254	25255	
25256	25258	25265	25265	25271	25275	25282	25283	25285	25287	25288	25288	25291	25293	25296	25304	25313	25314	25315	25318	
25318	25322	25327	25328	25331	25336	25336	25347	25348	25349	25354	25357	25359	25361	25365	25381	25381	25390	25390	25392	
25393	25396	25397	25401	25403	25406	25406	25410	25413	25414	25415	25420	25422	25431	25432	25433	25433	25435	25436	25437	
25437	25439	25441	25449	25453	25456	25459	25466	25468	25468	25477	25487	25492	25502	25506	25507	25508	25513	25514	25514	
25520	25523	25524	25534	25541	25543	25543	25544	25554	25559	25560	25567	25570	25576	25586	25590	25592	25597	25602	25611	
25611	25615	25616	25617	25618	25618	25619	25627	25633	25636	25642	25643	25646	25647	25649	25650	25653	25655	25658	25660	
25660	25661	25663	25670	25672	25672	25680	25682	25682	25688	25689	25691	25702	25708	25709	25719	25722	25722	25723	25737	
25739	25740	25741	25745	25745	25748	25752	25758	25760	25763	25764	25771	25773	25773	25774	25782	25787	25791	25791	25798	
25804	25805	25806	25807	25808	25812	25820	25825	25837	25837	25840	25840	25843	25846	25855	25858	25865	25871	25873	25874	
25876	25877	25880	25880	25882	25884	25886	25887	25915	25916	25922	25923	25923	25924	25933	25939	25950	25956	25958	25960	
25961	25961	25966	25970	25980	25991	25994	25995	25996	26000	26001	26002	26004	26009	26015	26016	26028	26033	26035	26040	
26042	26042	26044	26046	26048	26053	26054	26054	26054	26058	26066	26073	26077	26079	26085	26086	26089	26091	26094	26096	
26096	26099	26109	26113	26113	26115	26116	26120	26121	26122	26123	26127	26130	26131	26134	26138	26148	26148	26148	26151	
26156	26160	26162	26162	26165	26165	26172	26173	26173	26174	26193	26194	26200	26200	26202	26205	26207	26207	26213	26219	
26223	26231	26240	26242	26246	26246	26246	26247	26249	26255	26267	26267	26276	26277	26278	26285	26285	26286	26291	26298	
26301	26311	26312	26312	26315	26315	26317	26319	26320	26322	26324	26326	26330	26337	26339	26341	26345	26351	26352	26356	
26367	26374	26375	26382	26382	26384	26386	26387	26394	26394	26396	26398	26406	26407	26408	26408	26409	26415	26417	26422	
26422	26422	26425	26427	26428	26432	26436	26439	26447	26453	26454	26455	26456	26458	26461	26465	26468	26474	26477	26477	
26480	26480	26485	26487	26488	26489	26494	26495	26496	26501	26504	26504	26506	26507	26511	26518	26520	26524	26534	26537	
26539	26543	26546	26553	26557	26559	26562	26565	26565	26576	26577	26582	26593	26594	26595	26595	26595	26602	26604	26605	
26612	26618	26620	26621	26625	26628	26630	26635	26636	26639	26639	26644	26647	26650	26658	26658	26660	26660	26676	26679	
26686	26687	26689	26694	26695	26697	26701	26706	26707	26708	26713	26715	26715	26716	26719	26728	26733	26733	26736	26737	
26743	26745	26746	26747	26752	26752	26752	26753	26755	26755	26757	26759	26768	26771	26777	26781	26785	26789	26796	26799	
26800	26801	26808	26827	26829	26833	26836	26837	26840	26844	26844	26846	26847	26848	26848	26853	26854	26855	26860	26868	
26869	26874	26875	26875	26878	26879	26881	26884	26884	26890	26891	26891	26893	26894	26895	26901	26901	26906	26913	26917	
26917	26919	26920	26921	26926	26929	26930	26930	26933	26936	26939	26944	26946	26950	26952	26955	26957	26958	26960	26968	
26968	26976	26978	26979	26980	26982	26984	26987	26987	26990	26996	27002	27003	27005	27006	27006	27007	27013	27014	27022	
27022	27025	27033	27036	27036	27039	27041	27045	27045	27051	27054	27054	27054	27055	27065	27065	27066	27071	27073	27076	
27090	27091	27091	27097	27098	27101	27106	27115	27119	27122	27124	27125	27125	27126	27129	27131	27134	27135	27136	27141	
27145	27146	27153	27159	27160	27175	27178	27183	27184	27189	27190	27199	27199	27210	27210	27212	27213	27214	27220	27225	
27231	27232	27233	27233	27235	27235	27236	27240	27245	27245	27247	27248	27251	27251	27252	27253	27254	27261	27268	27269	
27282	27283	27284	27289	27296	27300	27301	27302	27303	27306	27306	27308	27308	27309	27312	27313	27314	27315	27323	27332	
27337	27337	27337	27341	27342	27345	27350	27355	27355	27357	27357	27359	27360	27367	27371	27372	27375	27377	27378	27379	
27380	27380	27381	27385	27400	27400	27400	27403	27403	27410	27411	27416	27420	27420	27421	27427	27428	27429	27430	27432	
27434	27442	27443	27445	27445	27446	27452	27457	27457	27458	27466	27468	27479	27489	27490	27492	27496	27496	27499	27503	
27508	27508	27510	27511	27513	27515	27520	27527	27528	27533	27536	27537	27537	27538	27538	27541	27542	27554	27554	27557	
27562	27565	27567	27571	27574	27575	27575	27578	27582	27594	27598	27598	27600	27601	27610	27610	27611	27616	27617	27620	
27620	27628	27635	27639	27642	27645	27645	27650	27654	27657	27658	27659	27661	27662	27666	27669	27672	27674	27679	27679	
27680	27681	27685	27701	27704	27707	27710	27711	27712	27719	27725	27725	27726	27728	27731	27732	27735	27742	27742	27742	
27743	27744	27747	27750	27757	27757	27758	27758	27758	27759	27760	27761	27762	27766	27770	27770	27771	27780	27781	27785	
27798	27799	27802	27803	27807	27813	27814	27820	27822	27826	27826	27827	27831	27838	27840	27841	27845	27846	27851	27854	
27854	27858	27862	27867	27869	27872	27881	27889	27890	27895	27897	27899	27899	27899	27902	27908	27914	27914	27915	27915	
27928	27930	27934	27935	27944	27948	27959	27969	27973	27983	27984	27985	27986	27991	27992	27992	27995	28002	28010	28025	
28025	28026	28030	28038	28039	28041	28046	28048	28050	28057	28059	28064	28068	28074	28080	28084	28086	28090	28092	28092	
28093	28094	28098	28099	28102	28114	28115	28122	28123	28124	28127	28132	28138	28151	28156	28168	28170	28173	28179	28180	
28185	28185	28189	28190	28190	28191	28196	28204	28205	28206	28208	28211	28217	28225	28227	28227	28227	28228	28228	28238	
28245	28246	28247	28247	28251	28256	28258	28264	28265	28266	28268	28276	28279	28280	28281	28283	28286	28292	28298	28311	
28314	28319	28331	28334	28334	28342	28344	28348	28350	28352	28356	28358	28360	28364	28366	28366	28374	28378	28384	28389	
28391	28392	28392	28393	28393	28395	28397	28402	28403	28406	28407	28410	28411	28419	28428	28429	28429	28437	28448	28452	
28454	28455	28455	28458	28463	28477	28478	28480	28494	28498	28501	28502	28506	28507	28508	28508	28509	28517	28523	28525	
28528	28539	28540	28540	28541	28542	28543	28547	28552	28552	28553	28554	28557	28558	28561	28569	28573	28574	28576	28590	
28595	28600	28602	28605	28608	28611	28614	28624	28627	28631	28636	28641	28643	28650	28654	28657	28660	28661	28679	28680	
28683	28687	28691	28695	28695	28696	28704	28705	28707	28709	28712	28714	28715	28716	28731	28734	28736	28736	28741	28747	
28748	28757	28758	28758	28760	28762	28762	28763	28768	28768	28770	28773	28775	28777	28780	28786	28786	28787	28797	28802	
28804	28805	28807	28819	28820	28824	28826	28827	28830	28836	28837	28838	28842	28846	28855	28859	28861	28866	28881	28884	
28888	28893	28893	28895	28898	28901	28905	28906	28906	28908	28920	28923	28924	28925	28927	28934	28934	28934	28936	28937	
28940	28940	28942	28946	28947	28954	28954	28967	28970	28970	28976	28980	28981	28982	28983	28988	28988	28991	28997	29002	
29013	29013	29014	29014	29015	29015	29022	29023	29025	29028	29029	29037	29038	29040	29043	29045	29046	29054	29061	29062	
29065	29065	29072	29082	29084	29085	29092	29098	29110	29112	29113	29122	29125	29125	29126	29127	29128	29129	29134	29135	
29141	29143	29145	29146	29147	29148	29150	29152	29156	29168	29170	29173	29179	29180	29183	29183	29184	29184	29185	29185	
29189	29191	29191	29195	29198	29208	29213	29219	29221	29222	29224	29228	29230	29231	29238	29255	29257	29257	29262	29262	
29272	29277	29279	29280	29284	29288	29289	29291	29295	29303	29313	29314	29316	29325	29326	29327	29331	29345	29346	29347	
29349	29350	29353	29355	29355	29357	29360	29360	29361	29365	29373	29375	29383	29383	29385	29386	29386	29392	29394	29396	
29398	29401	29402	29403	29408	29409	29412	29416	29418	29418	29423	29425	29426	29426	29427	29428	29433	29437	29440	29444	
29446	29447	29447	29451	29453	29454	29454	29461	29463	29470	29480	29490	29499	29501	29506	29506	29508	29512	29515	29518	
29519	29522	29523	29528	29529	29533	29535	29536	29539	29539	29541	29552	29553	29554	29556	29563	29567	29570	29571	29575	
29575	29587	29588	29604	29605	29610	29616	29620	29621	29624	29624	29627	29627	29628	29629	29634	29636	29640	29640	29648	
29657	29665	29668	29669	29672	29676	29677	29679	29680	29684	29684	29690	29690	29697	29698	29700	29700	29704	29705	29710	
29717	29721	29731	29740	29753	29755	29756	29756	29757	29758	29762	29763	29764	29765	29769	29774	29776	29776	29782	29786	
29786	29788	29791	29802	29804	29805	29805	29805	29806	29810	29826	29827	29830	29832	29835	29840	29842	29842	29846	29855	
29859	29863	29873	29874	29876	29880	29887	29890	29901	29906	29907	29910	29918	29918	29920	29921	29922	29930	29931	29935	
29939	29941	29944	29946	29952	29957	29963	29967	29969	29970	29978	29981	29982	29982	29990	29995	30005	30019	30023	30024	
30036	30038	30039	30050	30052	30055	30057	30061	30062	30067	30068	30070	30072	30073	30082	30085	30092	30092	30093	30097	
30098	30104	30107	30110	30111	30114	30117	30120	30129	30136	30144	30146	30149	30151	30151	30152	30154	30156	30156	30159	
30160	30160	30172	30174	30177	30179	30189	30189	30198	30199	30204	30207	30209	30215	30220	30227	30230	30233	30233	30234	
30240	30243	30244	30252	30252	30254	30259	30261	30268	30268	30285	30288	30288	30290	30290	30294	30295	30296	30297	30300	
30308	30308	30309	30312	30320	30321	30324	30340	30350	30350	30350	30351	30355	30356	30358	30359	30366	30372	30373	30375	
30377	30378	30386	30393	30394	30396	30403	30403	30413	30417	30420	30420	30423	30425	30429	30434	30439	30439	30446	30446	
30447	30448	30449	30450	30450	30451	30457	30464	30465	30470	30470	30473	30481	30483	30484	30486	30496	30496	30502	30503	
30504	30513	30515	30518	30521	30522	30524	30524	30525	30526	30529	30529	30532	30543	30543	30544	30544	30544	30545	30547	
30549	30551	30559	30561	30563	30564	30566	30568	30568	30572	30579	30581	30583	30587	30591	30593	30594	30598	30611	30613	
30615	30616	30616	30617	30617	30618	30620	30624	30633	30638	30638	30639	30642	30650	30658	30660	30667	30676	30676	30677	
30678	30687	30688	30693	30693	30695	30696	30698	30699	30701	30706	30707	30708	30710	30711	30717	30723	30723	30730	30733	
30734	30735	30735	30737	30739	30742	30746	30750	30752	30757	30761	30761	30761	30764	30765	30765	30769	30774	30774	30785	
30789	30789	30792	30805	30807	30807	30809	30809	30812	30813	30814	30818	30820	30820	30821	30835	30840	30842	30848	30852	
30857	30867	30867	30875	30875	30878	30880	30888	30899	30903	30904	30905	30911	30912	30917	30917	30917	30931	30931	30935	
30939	30941	30941	30943	30945	30947	30947	30948	30948	30951	30953	30954	30958	30962	30964	30970	30972	30973	30974	30975	
30981	30981	30985	30986	30988	30988	30995	30996	31002	31002	31003	31006	31008	31008	31009	31020	31021	31027	31029	31036	
31036	31037	31052	31056	31061	31063	31068	31069	31075	31078	31078	31081	31082	31090	31093	31096	31107	31109	31109	31111	
31111	31111	31111	31119	31127	31136	31139	31140	31140	31153	31163	31168	31169	31173	31174	31178	31182	31185	31186	31186	
31193	31198	31202	31205	31209	31211	31214	31218	31221	31222	31229	31231	31240	31242	31242	31245	31253	31255	31257	31261	
31268	31273	31273	31277	31281	31282	31288	31289	31293	31303	31303	31303	31303	31304	31308	31309	31309	31311	31316	31320	
31322	31323	31328	31336	31337	31339	31339	31343	31343	31352	31354	31355	31356	31358	31367	31369	31369	31374	31375	31375	
31375	31387	31389	31391	31392	31393	31394	31395	31397	31398	31401	31403	31403	31405	31406	31409	31410	31417	31425	31427	
31428	31443	31448	31448	31455	31465	31471	31472	31473	31473	31476	31478	31481	31489	31494	31507	31512	31515	31520	31522	
31524	31525	31529	31530	31530	31533	31536	31537	31540	31540	31541	31548	31549	31550	31550	31550	31551	31552	31556	31557	
31564	31565	31566	31567	31573	31594	31595	31607	31608	31611	31613	31617	31620	31621	31622	31622	31626	31626	31627	31634	
31635	31643	31651	31658	31666	31674	31681	31685	31688	31690	31691	31699	31705	31707	31710	31717	31721	31722	31726	31729	
31731	31735	31737	31741	31746	31747	31749	31749	31750	31753	31755	31763	31766	31766	31767	31768	31775	31779	31782	31788	
31789	31802	31803	31805	31808	31821	31823	31825	31827	31830	31830	31834	31839	31840	31847	31851	31852	31854	31858	31861	
31864	31867	31871	31873	31875	31879	31882	31889	31890	31900	31908	31909	31914	31915	31916	31919	31921	31923	31923	31925	
31931	31931	31933	31935	31937	31942	31942	31944	31950	31955	31956	31963	31967	31969	31972	31972	31974	31975	31979	31986	
31988	31991	31992	31993	32007	32008	32009	32010	32015	32016	32019	32020	32026	32027	32029	32030	32032	32034	32042	32049	
32050	32055	32056	32057	32062	32063	32065	32069	32070	32070	32071	32072	32075	32075	32077	32078	32079	32089	32095	32098	
32100	32104	32105	32106	32106	32109	32111	32112	32115	32126	32131	32132	32136	32144	32146	32146	32150	32154	32155	32156	
32157	32160	32164	32165	32170	32182	32185	32186	32188	32188	32190	32193	32193	32195	32199	32199	32208	32208	32208	32208	
32209	32214	32225	32229	32230	32231	32235	32238	32241	32246	32248	32249	32250	32253	32263	32266	32275	32277	32284	32294	
32300	32301	32303	32303	32303	32304	32306	32310	32310	32310	32313	32315	32316	32317	32326	32327	32329	32332	32334	32335	
32342	32344	32352	32353	32362	32363	32367	32373	32374	32378	32379	32382	32386	32391	32391	32392	32393	32398	32402	32404	
32406	32407	32409	32411	32424	32424	32427	32429	32445	32453	32457	32457	32462	32463	32469	32471	32478	32478	32479	32486	
32490	32492	32493	32501	32501	32502	32510	32512	32514	32517	32519	32529	32530	32538	32540	32543	32559	32561	32562	32564	
32568	32574	32575	32580	32582	32582	32586	32590	32590	32595	32601	32601	32602	32603	32609	32616	32618	32620	32621	32625	
32626	32633	32635	32635	32635	32637	32640	32642	32653	32658	32659	32661	32667	32669	32673	32684	32685	32686	32693	32696	
32699	32701	32707	32709	32712	32713	32723	32727	32729	32734	32736	32737	32738	32739	32740	32742	32743	32752	32765	32766	
